1
2
3
4
5
6
7
8
9
10
11
12
13
14
15
16
17
18
19
20
21
22
23
24
25
26
27
28
29
30
31
32
33
34
35
36
37
38
39
40
41
42
43
44
45
46
47
48
49
50
51
52
53
54
55
56
57
58
59
60
61
62
63
64
65
66
67
68
69
70
71
72
73
74
75
76
77
78
79
80
81
82
83
84
85
86
87
88
89
90
91
92
93
94
95
96
97
98
99
100
101
102
103
104
105
106
107
108
109
110
111
112
113
114
115
116
117
118
119
120
121
122
123
124
125
126
127
128
129
130
131
132
133
134
135
136
137
138
140
141
142
143
144
145
146
147
148
149
150
151
152
153
154
155
156
157
158
159
160
161
162
163
164
165
166
167
168
169
170
171
172
173
174
175
176
177
178
179
180
181
182
183
185
186
187
188
189
190
191
192
193
194
195
196
197
198
199
200
201
202
203
204
205
206
207
208
209
210
211
212
213
214
215
216
217
218
219
220
221
222
223
224
225
226
227
228
229
231
232
233
234
235
236
237
238
239
240
241
242
243
244
245
246
247
248
249
250
251
252
253
254
255
256
257
258
259
261
262
263
264
265
266
267
268
269
270
271
272
273
274
275
276
277
278
279
280
281
282
283
284
285
286
287
288
289
290
291
292
293
294
295
296
297
298
299
300
301
302
303
304
305
306
307
308
309
310
311
313
314
315
316
317
318
319
320
321
322
323
324
325
326
327
328
329
330
331
332
333
334
335
336
338
339
341
342
343
344
345
346
347
348
349
350
351
352
353
354
355
356
357
358
359
360
361
362
363
364
365
366
367
368
369
370
371
372
373
374
375
376
377
378
379
380
382
383
384
385
386
387
388
389
390
391
392
393
394
395
396
397
398
399
400
401
402
404
405
406
407
408
409
410
411
412
413
414
415
416
417
418
419
420
421
422
423
424
425
426
428
429
430
431
432
433
434
435
436
437
438
439
440
441
442
443
444
445
446
447
448
449
450
451
452
453
454
455
456
457
458
459
460
461
463
464
465
466
467
468
469
470
471
472
473
474
475
476
477
478
479
480
481
482
483
484
485
486
487
488
489
490
491
492
493
494
495
496
497
498
499
500
501
502
503
504
505
506
507
508
509
510
511
512
513
514
515
516
517
518
519
520
521
522
523
524
525
526
527
528
529
530
531
532
533
534
535
536
537
538
539
540
541
542
543
544
545
546
547
548
549
550
551
552
553
554
555
556
557
558
560
561
562
563
564
565
566
567
568
569
570
571
572
573
574
575
576
577
578
579
580
581
582
583
584
585
586
587
588
589
590
591
592
593
594
595
596
597
598
599
600
601
602
603
604
605
606
607
608
609
610
611
612
613
614
615
616
617
618
619
620
621
622
623
624
625
626
627
628
629
630
631
632
633
634
635
636
637
638
639
640
641
642
643
644
645
646
647
648
649
650
651
653
654
655
656
657
658
659
660
661
662
663
664
665
666
667
668
669
670
671
672
673
674
675
676
677
678
679
680
681
682
683
684
685
686
687
688
689
690
691
692
694
695
696
697
698
699
700
701
702
704
705
706
707
708
709
710
711
712
713
714
715
716
717
718
719
720
721
722
723
724
725
726
727
728
729
730
731
732
733
734
735
736
737
738
740
741
742
743
744
745
746
747
748
749
750
751
752
753
754
755
756
757
758
759
760
761
762
763
764
765
766
767
768
769
770
771
773
774
775
776
777
778
779
780
781
782
783
784
785
786
787
788
789
790
791
792
793
794
795
796
797
798
799
800
801
802
803
804
805
806
807
808
809
810
811
812
813
814
815
816
817
818
819
820
821
822
823
824
825
826
827
828
829
830
831
832
833
834
835
836
837
838
839
840
841
842
843
844
845
846
847
848
849
850
851
852
853
854
855
856
857
858
859
860
861
862
863
864
865
866
867
868
869
870
871
872
874
875
876
877
878
879
880
881
882
883
884
885
886
887
888
889
890
891
892
893
894
895
896
897
898
899
900
901
902
903
904
905
906
907
908
909
910
911
912
913
914
915
916
917
918
919
921
922
923
924
925
926
927
928
929
930
931
932
933
934
935
936
937
938
939
940
941
942
943
944
945
946
947
948
949
950
951
952
953
954
955
956
957
958
959
960
961
962
963
964
965
966
967
968
969
970
971
972
973
974
975
976
977
978
979
980
981
982
983
984
985
986
987
988
989
990
991
992
993
994
995
996
997
998
999
1000
1001
1002
1003
1004
1005
1006
1007
1008
1009
1010
1011
1012
1013
1014
1015
1016
1017
1018
1019
1020
1021
1022
1023
1024
1025
1026
1027
1028
1029
1030
1031
1032
1033
1034
1035
1036
1037
1038
1039
1040
1041
1042
1043
1044
1045
1046
1047
1049
1050
1051
1052
1053
1054
1055
1056
1057
1058
1059
1060
1061
1062
1063
1064
1065
1066
1067
1068
1069
1070
1071
1072
1073
1074
1075
1076
1077
1078
1079
1080
1081
1082
1083
1084
1085
1086
1087
1088
1089
1090
1091
1093
1094
1095
1096
1097
1098
1099
1100
1101
1102
1103
1104
1105
1106
1107
1108
1109
1110
1111
1112
1113
1114
1115
1116
1117
1118
1119
1120
1121
1122
1123
1124
1125
1126
1127
1128
1130
1131
1132
1133
1134
1135
1136
1137
1138
1139
1140
1141
1142
1143
1144
1145
1146
1147
1148
1149
1150
1151
1152
1153
1154
1155
1156
1157
1158
1159
1160
1161
1162
1163
1164
1165
1166
1167
1168
1169
1170
1171
1172
1173
1174
1175
1176
1177
1178
1179
1180
1181
1182
1183
1184
1185
1186
1187
1188
1189
1190
1191
1192
1193
1194
1195
1196
1197
1198
1199
1200
1201
1202
1203
1204
1205
1206
1207
1208
1209
1210
1211
1212
1213
1214
1216
1217
1218
1219
1220
1221
1222
1223
1224
1225
1226
1227
1228
1229
1230
1231
1232
1233
1234
1235
1236
1237
1238
1239
1240
1241
1242
1243
1244
1245
1246
1247
1248
1249
1250
1251
1252
1253
1254
1255
1256
1257
1258
1259
1260
1261
1262
1263
1264
1265
1266
1267
1268
1269
1270
1271
1272
1273
1274
1275
1276
1277
1278
1279
1280
1281
1282
1283
1284
1285
1286
1287
1288
1289
1290
1291
1292
1293
1294
1295
1296
1297
1298
1299
1300
1301
1302
1303
1304
1305
1306
1307
1308
1309
1310
1311
1312
1313
1314
1315
1316
1317
1318
1319
1320
1321
1322
1323
1324
1325
1326
1327
1328
1329
1330
1331
1332
1333
1334
1335
1336
1337
1338
1339
1340
1341
1342
1343
1344
1345
1346
1347
1348
1349
1350
1351
1352
1353
1354
1355
1356
1357
1358
1359
1360
1361
1362
1363
1364
1365
1366
1367
1368
1369
1370
1371
1372
1373
1374
1375
1376
1377
1378
1379
1380
1381
1382
1383
1384
1385
1386
1387
1388
1389
1390
1391
1392
1393
1394
1395
1396
1397
1398
1399
1400
1401
1402
1403
1405
1406
1407
1408
1409
1410
1411
1412
1413
1414
1415
1416
1417
1418
1419
1420
1421
1422
1423
1424
1425
1426
1427
1428
1429
1431
1433
1434
1435
1436
1437
1438
1439
1440
1441
1442
1443
1444
1445
1446
1447
1448
1449
1450
1451
1452
1453
1454
1455
1456
1457
1458
1459
1460
1461
1462
1463
1464
1465
1466
1467
1468
1469
1470
1471
1472
1473
1474
1475
1476
1477
1478
1479
1480
1481
1482
1483
1484
1485
1486
1487
1488
1489
1490
1493
1494
1495
1496
1497
1498
1499
1500
1501
1502
1503
1504
1506
1507
1508
1509
1510
1511
1512
1513
1514
1515
1516
1517
1518
1519
1520
1521
1522
1523
1524
1525
1526
1527
1528
1529
1530
1531
1532
1533
1534
1535
1536
1537
1538
1539
1540
1541
1542
1543
1544
1545
1546
1547
1548
1549
1550
1551
1552
1553
1554
1555
1556
1557
1558
1559
1560
1561
1562
1563
1564
1565
1566
1567
1568
1569
1570
1571
1572
1573
1574
1575
1576
1577
1578
1579
1580
1581
1582
1583
1584
1585
1586
1587
1588
1589
1590
1591
1593
1594
1595
1596
1597
1598
1600
1601
1602
1603
1604
1605
1606
1607
1608
1609
1610
1611
1612
1613
1614
1615
1616
1617
1618
1619
1620
1621
1622
1623
1624
1625
1626
1627
1628
1629
1630
1631
1632
1633
1635
1636
1637
1638
1639
1640
1641
1642
1643
1644
1645
1646
1647
1648
1649
1650
1651
1652
1653
1654
1655
1656
1657
1658
1659
1660
1661
1662
1663
1664
1665
1666
1667
1668
1669
1670
1671
1673
1674
1675
1676
1677
1678
1679
1680
1681
1682
1683
1684
1685
1686
1687
1688
1689
1690
1691
1692
1693
1694
1695
1696
1697
1698
1699
1700
1702
1703
1704
1705
1706
1707
1708
1709
1710
1711
1712
1713
1714
1715
1716
1717
1718
1719
1721
1722
1723
1724
1725
1726
1727
1728
1729
1730
1731
1732
1733
1734
1735
1736
1738
1740
1742
1743
1744
1745
1746
1747
1748
1749
1750
1751
1752
1753
1754
1755
1756
1757
1758
1759
1760
1761
1762
1763
1764
1765
1766
1767
1768
1769
1770
1771
1772
1773
1774
1775
1776
1777
1778
1779
1780
1781
1782
1783
1784
1785
1786
1787
1788
1789
1790
1791
1792
1793
1794
1795
1796
1797
1798
1799
1800
1801
1802
1803
1804
1805
1806
1807
1808
1809
1810
1811
1812
1813
1814
1815
1816
1817
1818
1819
1820
1821
1822
1823
1824
1825
1826
1827
1828
1829
1830
1831
1832
1833
1834
1835
1836
1837
1838
1839
1840
1841
1842
1843
1844
1845
1847
1848
1849
1850
1851
1852
1853
1854
1855
1857
1858
1859
1860
1861
1862
1863
1865
1866
1867
1868
1869
1870
1871
1872
1873
1874
1875
1876
1877
1878
1879
1880
1881
1882
1883
1884
1885
1886
1887
1888
1889
1890
1891
1892
1893
1894
1895
1897
1898
1899
1900
1901
1902
1903
1904
1905
1906
1907
1908
1909
1910
1911
1912
1913
1914
1915
1916
1917
1918
1919
1920
1921
1922
1923
1924
1927
1928
1929
1930
1931
1933
1934
1935
1936
1937
1938
1939
1940
1941
1942
1943
1944
1945
1946
1947
1948
1949
1950
1951
1952
1953
1954
1955
1959
1960
1961
1962
1963
1964
1965
1966
1967
1968
1969
1970
1971
1972
1973
1975
1977
1978
1979
1980
1982
1983
1984
1985
1986
1987
1988
1989
1990
1991
1992
1993
1994
1995
1996
1997
1998
1999
2001
2002
2003
2004
2006
2007
2008
2009
2010
2011
2012
2013
2014
2015
2016
2017
2018
2019
2020
2021
2022
2023
2024
2025
2026
2027
2028
2029
2030
2031
2032
2033
2035
2036
2037
2038
2039
2040
2041
2042
2043
2044
2045
2046
2047
2048
2049
2050
2051
2052
2053
2054
2055
2056
2057
2058
2059
2060
2061
2062
2063
2064
2065
2066
2067
2068
2069
2070
2071
2073
2074
2075
2076
2077
2078
2079
2080
2081
2082
2083
2085
2086
2087
2088
2089
2090
2091
2092
2093
2094
2096
2098
2099
2100
2101
2102
2103
2104
2105
2106
2107
2108
2109
2110
2111
2112
2113
2114
2115
2116
2118
2119
2120
2121
2122
2123
2124
2125
2126
2127
2128
2129
2130
2132
2133
2134
2135
2136
2137
2138
2139
2140
2141
2142
2143
2144
2145
2146
2147
2148
2149
2150
2151
2152
2153
2154
2155
2156
2157
2158
2159
2160
2161
2162
2163
2164
2165
2166
2167
2168
2169
2170
2171
2172
2173
2174
2175
2176
2177
2178
2179
2180
2181
2182
2183
2185
2186
2187
2188
2189
2190
2191
2192
2193
2194
2195
2196
2197
2198
2199
2200
2201
2202
2203
2204
2205
2206
2207
2208
2209
2210
2212
2213
2214
2215
2216
2217
2219
2220
2221
2222
2223
2224
2225
2226
2227
2228
2229
2230
2231
2232
2233
2234
2235
2236
2237
2238
2239
2240
2241
2242
2244
2245
2246
2247
2248
2249
2250
2251
2252
2253
2254
2255
2256
2257
2258
2259
2260
2261
2262
2263
2264
2265
2266
2267
2268
2269
2271
2272
2273
2274
2275
2276
2277
2278
2279
2280
2281
2282
2283
2284
2285
2286
2287
2288
2289
2290
2291
2292
2293
2294
2295
2296
2297
2298
2299
2300
2301
2302
2303
2304
2305
2306
2307
2308
2311
2312
2313
2314
2315
2316
2317
2318
2320
2321
2322
2323
2324
2325
2326
2327
2328
2329
2330
2331
2332
2333
2334
2335
2336
2337
2338
2339
2340
2341
2342
2343
2344
2345
2346
2348
2349
2350
2351
2352
2353
2354
2355
2356
2357
2359
2360
2361
2362
2364
2365
2366
2367
2368
2369
2370
2371
2372
2373
2374
2375
2376
2377
2378
2379
2382
2383
2384
2386
2388
2389
2390
2391
2392
2393
2394
2395
2396
2398
2399
2400
2401
2402
2403
2404
2405
2406
2407
2408
2409
2410
2411
2412
2413
2414
2415
2416
2417
2418
2419
2420
2421
2422
2423
2424
2425
2426
2428
2429
2430
2432
2433
2434
2436
2437
2438
2439
2441
2442
2443
2444
2445
2447
2448
2449
2450
2451
2452
2453
2454
2455
2456
2457
2458
2459
2460
2461
2462
2463
2464
2465
2466
2467
2468
2469
2471
2472
2473
2474
2475
2476
2477
2478
2479
2480
2481
2482
2483
2484
2485
2486
2487
2488
2489
2490
2491
2492
2493
2494
2495
2496
2498
2500
2501
2502
2503
2504
2505
2506
2507
2508
2509
2510
2511
2512
2513
2514
2515
2516
2517
2518
2519
2520
2521
2522
2523
2524
2525
2526
2527
2528
2529
2530
2531
2532
2533
2534
2535
2536
2537
2538
2539
2540
2541
2542
2543
2544
2545
2546
2547
2548
2549
2550
2551
2552
2553
2554
2555
2556
2557
2558
2559
2561
2562
2563
2564
2565
2566
2567
2568
2569
2570
2571
2572
2573
2574
2575
2576
2577
2578
2579
2580
2581
2582
2583
2584
2585
2586
2587
2588
2589
2590
2591
2592
2593
2594
2595
2596
2597
2598
2599
2600
2601
2602
2603
2604
2605
2606
2607
2609
2610
2611
2612
2613
2614
2615
2616
2617
2618
2619
2620
2621
2622
2623
2624
2625
2626
2627
2628
2629
2630
2631
2632
2633
2634
2635
2636
2637
2638
2639
2640
2641
2642
2643
2644
2645
2646
2647
2648
2649
2650
2651
2652
2653
2654
2655
2656
2657
2658
2659
2660
2661
2663
2664
2665
2666
2667
2668
2669
2670
2671
2672
2673
2674
2675
2676
2677
2678
2679
2680
2681
2682
2683
2684
2685
2686
2687
2688
2689
2690
2691
2692
2693
2694
2695
2696
2697
2698
2699
2800
2801
2802
2803
2804
2805
2806
2807
2808
2809
2810
2811
2812
2813
2814
2815
2816
2817
2818
2819
2820
2821
2822
2823
2824
2825
2826
2827
2828
2829
2830
2831
2832
2833
2834
2835
2836
2837
2838
2839
2840
2841
2842
2843
2844
2845
2846
2847
2848
2849
2850
2851
2852
2853
2854
2855
2856
2857
2858
2859
2860
2861
2862
2863
2864
2865
2866
2867
2868
2869
2870
2871
2872
2873
2874
2875
2876
2877
2878
2879
2880
2881
2882
2883
2884
2885
2886
2887
2888
2889
2890
2891
2892
2893
2894
2895
2896
2897
2898
2899
2900
2901
2902
2903
2904
2905
2906
2907
2908
2909
2910
2911
2912
2913
2914
2915
2916
2917
2918
2919
2920
2921
2922
2923
2924
2925
2926
2927
2928
2929
2930
2931
2932
2933
2934
2935
2936
2937
2938
2939
2940
2941
2942
2943
2944
2945
2946
2947
2948
2949
2950
2951
2952
2953
2954
2955
2956
2957
2958
2959
2960
2961
2962
2963
2964
2965
2966
2967
2968
2969
2970
2971
2972
2973
2974
2975
2976
2977
2978
2979
2980
2981
2982
2983
2984
2985
2986
2987
2988
2989
2990
2991
2992
2993
2994
2995
2996
2997
2998
2999
3000
3001
3002
3003
3004
3005
3006
3007
3008
3009
3010
3011
3012
3013
3014
3015
3016
3017
3018
3019
3020
3021
3022
3023
3024
3025
3026
3027
3028
3029
3030
3031
3032
3033
3034
3035
3036
3037
3038
3039
3040
3041
3042
3043
3044
3045
3046
3047
3048
3049
3050
3051
3052
3053
3054
3055
3056
3057
3058
3059
3060
3061
3062
3063
3064
3065
3066
3067
3069
3070
3071
3072
3073
3074
3075
3076
3077
3078
3080
3081
3082
3083
3084
3085
3086
3087
3088
3089
3090
3091
3092
3093
3094
3095
3096
3097
3098
3099
3100
3101
3102
3103
3104
3105
3106
3107
3108
3109
3110
3112
3113
3114
3115
3116
3117
3118
3119
3120
3121
3122
3123
3124
3126
3128
3129
3130
3131
3133
3134
3135
3136
3137
3138
3139
3140
3141
3142
3143
3144
3145
3147
3148
3149
3150
3152
3153
3154
3155
3157
3158
3159
3160
3162
3163
3164
3165
3166
3167
3168
3169
3170
3171
3172
3173
3174
3175
3176
3177
3178
3179
3181
3182
3183
3184
3185
3186
3187
3188
3189
3190
3192
3194
3195
3196
3197
3198
3199
3201
3202
3203
3205
3207
3208
3209
3210
3211
3212
3213
3214
3216
3217
3218
3219
3220
3221
3223
3224
3225
3226
3227
3228
3229
3230
3231
3232
3233
3235
3237
3238
3240
3241
3242
3243
3244
3245
3246
3247
3249
3250
3251
3252
3253
3254
3255
3256
3257
3258
3259
3260
3261
3262
3263
3264
3265
3266
3267
3268
3269
3270
3271
3272
3273
3274
3275
3276
3277
3278
3279
3280
3281
3282
3283
3284
3285
3286
3287
3288
3289
3290
3291
3292
3293
3294
3295
3296
3297
3298
3299
3300
3302
3303
3304
3306
3307
3308
3309
3310
3311
3312
3313
3314
3315
3316
3318
3319
3320
3321
3322
3324
3325
3326
3327
3328
3329
3330
3332
3333
3334
3335
3336
3337
3338
3339
3340
3341
3342
3343
3344
3345
3346
3347
3349
3350
3351
3352
3353
3354
3355
3356
3357
3358
3359
3360
3361
3362
3363
3364
3365
3366
3367
3368
3369
3370
3371
3372
3373
3374
3375
3376
3377
3378
3379
3380
3381
3382
3383
3384
3386
3388
3389
3390
3391
3392
3393
3394
3395
3396
3397
3398
3399
3400
3401
3402
3403
3404
3405
3406
3407
3408
3409
3410
3411
3412
3413
3414
3415
3416
3417
3418
3419
3420
3421
3422
3423
3424
3425
3426
3427
3428
3429
3430
3431
3432
3433
3434
3435
3437
3438
3439
3440
3441
3442
3443
3444
3445
3446
3447
3448
3449
3450
3451
3452
3453
3454
3455
3456
3457
3459
3460
3461
3462
3463
3464
3465
3466
3467
3468
3469
3470
3471
3472
3473
3474
3475
3476
3477
3478
3479
3480
3481
3482
3483
3484
3485
3486
3487
3488
3489
3490
3491
3493
3494
3495
3496
3497
3498
3499
3500
3501
3502
3503
3504
3505
3506
3507
3508
3509
3510
3511
3512
3513
3514
3515
3516
3517
3518
3519
3520
3521
3522
3523
3524
3525
3526
3527
3528
3529
3530
3531
3532
3533
3534
3535
3536
3537
3538
3539
3540
3541
3542
3543
3544
3545
3546
3547
3548
3549
3550
3551
3552
3553
3554
3555
3556
3557
3558
3559
3560
3561
3562
3563
3564
3565
3566
3567
3569
3570
3571
3572
3573
3574
3575
3576
3577
3578
3579
3580
3581
3582
3583
3584
3586
3587
3588
3589
3590
3591
3592
3593
3594
3595
3596
3597
3599
3600
3601
3602
3603
3604
3605
3606
3607
3608
3609
3610
3611
3612
3613
3614
3615
3616
3617
3618
3619
3620
3621
3622
3623
3624
3625
3626
3627
3628
3629
3630
3631
3632
3633
3634
3635
3636
3637
3638
3639
3640
3641
3642
3643
3644
3645
3646
3647
3648
3650
3651
3652
3653
3654
3655
3656
3657
3658
3659
3660
3661
3662
3663
3664
3665
3666
3667
3670
3672
3673
3674
3675
3676
3677
3678
3679
3680
3681
3682
3683
3684
3685
3686
3687
3688
3689
3690
3691
3692
3693
3694
3695
3696
3697
3698
3699
3700
3701
3702
3703
3704
3705
3706
3707
3708
3709
3710
3711
3712
3713
3714
3715
3716
3717
3718
3719
3720
3721
3722
3723
3724
3725
3726
3727
3728
3729
3730
3731
3732
3733
3734
3735
3736
3737
3738
3739
3740
3741
3742
3743
3744
3745
3746
3747
3748
3749
3750
3751
3752
3753
3754
3755
3756
3757
3758
3759
3760
3761
3762
3763
3764
3765
3766
3767
3768
3769
3770
3771
3772
3773
3774
3775
3776
3777
3778
3779
3780
3781
3782
3783
3784
3785
3786
3787
3788
3789
3790
3791
3792
3793
3794
3795
3796
3797
3798
3799
3800
3801
3802
3803
3804
3805
3806
3807
3808
3809
3810
3811
3812
3813
3814
3815
3816
3817
3818
3819
3820
3821
3822
3823
3824
3825
3826
3827
3828
3829
3830
3831
3832
3833
3834
3835
3836
3837
3838
3839
3840
3841
3842
3843
3844
3845
3846
3847
3848
3849
3850
3851
3852
3853
3854
3855
3856
3857
3858
3859
3860
3861
3862
3863
3864
3865
3866
3867
3868
3869
3870
3871
3872
3873
3874
3875
3876
3877
3878
3879
3880
3881
3882
3884
3885
3886
3887
3888
3889
3890
3891
3892
3893
3894
3895
3896
3897
3898
3899
3900
3901
3902
3903
3904
3905
3907
3908
3909
3910
3911
3912
3913
3914
3915
3916
3917
3918
3919
3920
3921
3922
3923
3924
3925
3926
3927
3928
3929
3930
3931
3932
3933
3934
3935
3936
3937
3938
3939
3940
3941
3942
3943
3944
3945
3946
3947
3948
3949
3950
3951
3952
3953
3954
3955
3957
3958
3959
3960
3961
3962
3963
3964
3965
3966
3967
3968
3969
3970
3971
3972
3973
3974
3975
3976
3977
3978
3979
3980
3981
3982
3983
3984
3985
3986
3987
3988
3989
3990
3991
3992
3993
3994
3995
3996
3997
3998
3999
4000
4001
4002
4003
4004
4005
4006
4007
4008
4009
4010
4011
4012
4013
4014
4015
4016
4017
4018
4019
4020
4021
4022
4023
4024
4025
4026
4027
4028
4029
4030
4031
4032
4033
4034
4035
4036
4037
4038
4039
4040
4041
4042
4043
4044
4045
4046
4047
4048
4049
4050
4051
4052
4053
4054
4055
4056
4057
4058
4059
4060
4061
4062
4063
4064
4065
4066
4067
4068
4069
4070
4071
4072
4073
4074
4075
4076
4077
4078
4079
4080
4081
4082
4083
4084
4085
4086
4087
4088
4089
4090
4091
4092
4093
4094
4095
4096
4097
4098
4099
4100
4101
4102
4103
4104
4105
4106
4107
4109
4110
4111
4112
4113
4114
4115
4116
4117
4118
4119
4120
4121
4122
4123
4124
4125
4126
4127
4129
4130
4131
4133
4134
4135
4136
4137
4138
4139
4140
4141
4142
4143
4144
4145
4146
4147
4148
4149
4150
4151
4152
4153
4154
4155
4156
4157
4158
4159
4160
4163
4164
4165
4166
4167
4168
4169
4170
4171
4172
4173
4174
4175
4176
4177
4178
4179
4180
4181
4182
4183
4184
4185
4186
4187
4188
4189
4190
4191
4192
4194
4195
4196
4197
4198
4199
4200
4201
4202
4203
4204
4205
4206
4207
4208
4209
4210
4211
4212
4213
4214
4215
4216
4217
4218
4219
4220
4221
4222
4223
4224
4225
4227
4228
4229
4230
4231
4232
4233
4234
4235
4236
4237
4238
4239
4240
4241
4242
4243
4244
4245
4246
4247
4248
4249
4250
4251
4252
4254
4255
4256
4257
4258
4259
4260
4262
4263
4264
4265
4266
4267
4268
4269
4270
4271
4272
4273
4274
4275
4276
4277
4278
4279
4280
4281
4282
4283
4284
4285
4286
4287
4288
4289
4290
4291
4292
4293
4294
4295
4297
4298
4299
4300
4301
4302
4303
4304
4305
4306
4307
4308
4309
4310
4311
4312
4313
4314
4315
4316
4317
4318
4319
4320
4321
4322
4323
4324
4325
4326
4327
4328
4329
4330
4331
4332
4333
4334
4335
4336
4337
4338
4339
4340
4341
4342
4343
4344
4345
4346
4347
4348
4349
4350
4351
4352
4353
4354
4355
4356
4357
4358
4359
4360
4361
4362
4363
4364
4365
4366
4367
4368
4369
4370
4371
4372
4373
4374
4375
4376
4377
4378
4379
4380
4381
4382
4383
4384
4385
4386
4389
4390
4391
4392
4393
4394
4395
4396
4397
4398
4399
4400
4401
4402
4403
4404
4405
4406
4407
4408
4409
4410
4411
4412
4413
4414
4415
4416
4417
4418
4419
4420
4421
4422
4423
4424
4425
4426
4427
4428
4429
4430
4431
4432
4433
4434
4435
4436
4437
4438
4439
4440
4441
4442
4443
4444
4445
4446
4447
4448
4449
4450
4451
4452
4453
4454
4455
4456
4457
4458
4459
4460
4461
4462
4463
4464
4465
4466
4467
4468
4469
4470
4471
4472
4473
4474
4475
4476
4477
4478
4479
4480
4481
4482
4483
4484
4485
4486
4487
4488
4489
4490
4491
4492
4493
4494
4495
4496
4497
4498
4499
4500
4501
4502
4503
4504
4505
4507
4508
4509
4510
4511
4512
4514
4515
4516
4517
4518
4519
4520
4521
4522
4523
4524
4525
4526
4528
4529
4530
4531
4532
4533
4534
4535
4536
4537
4540
4541
4542
4543
4544
4545
4546
4547
4548
4549
4550
4551
4552
4553
4554
4555
4556
4557
4558
4559
4560
4561
4562
4563
4564
4565
4566
4567
4568
4569
4570
4571
4572
4573
4574
4575
4576
4577
4578
4579
4580
4581
4582
4583
4584
4585
4586
4587
4588
4589
4590
4591
4592
4593
4594
4595
4596
4597
4598
4599
4600
4601
4602
4603
4604
4605
4606
4607
4608
4609
4610
4611
4612
4613
4614
4615
4616
4617
4618
4619
4620
4622
4623
4624
4625
4626
4627
4628
4629
4630
4631
4632
4634
4636
4639
4640
4641
4642
4643
4644
4645
4646
4647
4648
4649
4650
4651
4652
4653
4654
4655
4656
4657
4658
4660
4661
4662
4663
4664
4665
4666
4667
4668
4669
4670
4671
4672
4673
4674
4675
4676
4677
4678
4679
4680
4681
4682
4683
4684
4685
4686
4687
4688
4689
4690
4691
4692
4693
4694
4695
4696
4697
4698
4699
4700
4701
4702
4703
4704
4705
4706
4707
4708
4709
4710
4711
4712
4713
4714
4715
4716
4717
4718
4719
4720
4721
4722
4723
4724
4725
4726
4727
4728
4729
4730
4731
4732
4733
4734
4735
4736
4737
4738
4739
4740
4741
4742
4743
4744
4745
4746
4747
4748
4749
4750
4751
4752
4753
4754
4755
4756
4757
4758
4759
4760
4761
4762
4763
4764
4765
4766
4767
4768
4769
4770
4771
4772
4773
4774
4775
4776
4777
4778
4779
4780
4781
4782
4783
4784
4785
4786
4787
4788
4789
4790
4791
4792
4793
4794
4795
4796
4797
4798
4799
4800
4801
4802
4803
4804
4805
4806
4807
4808
4809
4810
4811
4812
4813
4814
4815
4816
4817
4818
4819
4820
4821
4822
4823
4824
4825
4826
4827
4828
4829
4830
4831
4832
4833
4834
4835
4836
4837
4838
4839
4840
4841
4842
4843
4844
4845
4846
4847
4848
4849
4850
4851
4852
4853
4854
4855
4856
4857
4858
4859
4860
4861
4862
4863
4864
4865
4866
4867
4868
4869
4871
4872
4873
4874
4875
4876
4877
4878
4879
4881
4882
4883
4884
4885
4886
4887
4888
4889
4890
4891
4892
4893
4894
4895
4896
4898
4899
4900
4901
4902
4903
4904
4905
4906
4907
4908
4909
4910
4911
4913
4914
4915
4916
4917
4918
4919
4920
4921
4922
4923
4924
4925
4926
4927
4928
4929
4930
4931
4932
4933
4934
4935
4936
4937
4938
4939
4940
4941
4942
4943
4944
4945
4946
4947
4948
4949
4950
4951
4952
4953
4955
4956
4957
4958
4959
4960
4961
4962
4963
4964
4965
4966
4967
4968
4969
4970
4971
4972
4973
4974
4975
4976
4977
4978
4979
4980
4981
4982
4983
4984
4985
4986
4987
4988
4989
4990
4991
4992
4993
4994
4995
4996
4997
4998
4999
5000
5001
5002
5003
5004
5005
5006
5007
5008
5009
5010
5011
5012
5013
5014
5015
5016
5017
5018
5019
5021
5022
5023
5024
5025
5026
5027
5028
5029
5030
5031
5032
5033
5034
5035
5036
5037
5038
5039
5040
5041
5042
5043
5044
5045
5046
5047
5048
5049
5050
5051
5052
5053
5054
5055
5056
5057
5058
5059
5060
5061
5062
5063
5064
5065
5066
5067
5068
5069
5070
5072
5073
5075
5076
5077
5078
5079
5080
5081
5082
5083
5084
5085
5086
5087
5088
5090
5091
5092
5093
5094
5095
5096
5097
5098
5099
5100
5101
5103
5104
5105
5106
5107
5108
5109
5110
5111
5112
5113
5114
5115
5116
5117
5118
5119
5120
5121
5122
5123
5124
5125
5126
5127
5128
5129
5130
5131
5132
5133
5134
5135
5136
5137
5138
5139
5140
5141
5142
5143
5144
5145
5146
5147
5148
5149
5150
5151
5152
5153
5154
5155
5156
5157
5158
5159
5160
5161
5162
5163
5164
5165
5166
5167
5168
5169
5170
5171
5172
5173
5174
5175
5176
5177
5178
5180
5181
5182
5183
5184
5185
5186
5187
5188
5189
5190
5191
5192
5193
5194
5195
5196
5197
5198
5199
5200
5201
5202
5203
5204
5205
5207
5208
5209
5210
5211
5212
5214
5215
5217
5218
5219
5220
5221
5222
5223
5224
5225
5226
5228
5229
5230
5231
5232
5233
5234
5235
5236
5237
5238
5239
5240
5241
5242
5243
5244
5245
5246
5247
5248
5249
5250
5251
5252
5253
5254
5255
5256
5257
5258
5259
5260
5261
5262
5263
5264
5265
5266
5267
5268
5269
5270
5271
5272
5273
5274
5275
5276
5277
5278
5279
5280
5281
5282
5283
5284
5285
5286
5287
5288
5289
5290
5292
5293
5294
5295
5296
5297
5298
5299
5300
5301
5302
5303
5304
5305
5306
5307
5308
5309
5310
5311
5312
5314
5315
5316
5317
5318
5319
5320
5321
5322
5323
5324
5325
5326
5327
5328
5329
5331
5332
5333
5334
5336
5337
5338
5339
5340
5341
5342
5343
5344
5345
5346
5347
5348
5349
5350
5351
5352
5353
5354
5355
5356
5357
5358
5359
5360
5361
5362
5363
5364
5365
5366
5367
5368
5369
5370
5371
5372
5374
5375
5376
5377
5378
5379
5380
5381
5382
5383
5384
5385
5386
5387
5388
5389
5390
5391
5392
5393
5394
5395
5396
5397
5398
5399
5400
5401
5402
5403
5404
5405
5406
5407
5408
5409
5410
5411
5412
5413
5414
5415
5416
5417
5418
5419
5420
5421
5422
5423
5424
5425
5426
5427
5428
5429
5430
5431
5432
5433
5434
5435
5436
5437
5438
5439
5440
5441
5442
5443
5444
5445
5446
5447
5448
5449
5450
5451
5452
5453
5454
5455
5456
5457
5458
5459
5460
5461
5463
5464
5465
5466
5467
5468
5469
5470
5471
5472
5473
5474
5475
5476
5477
5478
5479
5480
5481
5482
5483
5484
5485
5486
5487
5488
5489
5490
5491
5492
5493
5494
5495
5496
5497
5498
5499
5500
5501
5502
5503
5504
5505
5506
5507
5508
5509
5510
5511
5512
5513
5514
5515
5516
5517
5518
5519
5520
5521
5522
5523
5524
5525
5526
5527
5528
5529
5530
5531
5532
5533
5534
5535
5536
5537
5538
5539
5544
5546
5547
5548
5549
5550
5551
5552
5553
5554
5555
5556
5557
5558
5559
5560
5561
5562
5563
5564
5565
5566
5567
5568
5569
5570
5571
5572
5573
5574
5575
5576
5577
5578
5579
5580
5581
5582
5584
5585
5586
5587
5588
5589
5590
5591
5592
5593
5594
5595
5596
5597
5598
5599
5600
5601
5602
5603
5604
5605
5606
5607
5608
5609
5610
5611
5612
5613
5614
5615
5616
5617
5618
5619
5620
5621
5622
5623
5624
5625
5626
5627
5628
5629
5630
5631
5632
5633
5634
5635
5636
5637
5638
5639
5640
5641
5643
5644
5645
5646
5647
5648
5649
5650
5651
5652
5653
5654
5655
5656
5657
5658
5659
5660
5661
5662
5663
5664
5665
5666
5667
5668
5669
5670
5671
5672
5673
5674
5675
5676
5677
5678
5679
5680
5681
5682
5683
5684
5685
5686
5687
5688
5689
5690
5691
5692
5693
5694
5695
5696
5697
5698
5699
5700
5701
5702
5703
5704
5705
5706
5707
5708
5709
5710
5711
5712
5713
5714
5715
5716
5717
5718
5719
5720
5721
5722
5723
5724
5725
5726
5727
5728
5729
5730
5731
5732
5733
5734
5735
5736
5737
5738
5739
5740
5741
5742
5743
5744
5745
5746
5747
5748
5749
5750
5751
5752
5753
5754
5755
5756
5757
5758
5759
5760
5761
5762
5763
5764
5765
5766
5767
5768
5769
5770
5771
5772
5773
5774
5775
5776
5777
5778
5779
5780
5781
5782
5783
5784
5785
5786
5787
5788
5789
5790
5791
5792
5793
5794
5796
5797
5798
5799
5800
5801
5802
5803
5804
5805
5806
5807
5808
5809
5810
5811
5812
5813
5814
5815
5816
5817
5818
5819
5820
5821
5822
5823
5824
5825
5826
5827
5828
5829
5830
5831
5832
5833
5834
5835
5836
5837
5838
5839
5840
5841
5842
5843
5844
5845
5846
5847
5848
5849
5850
5851
5852
5853
5854
5855
5856
5857
5858
5859
5860
5861
5863
5864
5865
5866
5867
5868
5869
5870
5871
5872
5873
5874
5875
5876
5877
5878
5879
5880
5881
5882
5883
5884
5885
5886
5887
5888
5889
5891
5892
5893
5894
5895
5896
5897
5898
5899
5900
5901
5902
5903
5904
5905
5906
5907
5908
5909
5910
5911
5912
5913
5914
5915
5916
5917
5918
5919
5920
5921
5922
5923
5924
5925
5926
5927
5928
5929
5930
5931
5932
5933
5934
5935
5936
5937
5938
5939
5941
5942
5943
5944
5945
5946
5947
5948
5949
5950
5951
5952
5953
5954
5955
5956
5957
5958
5959
5960
5961
5962
5963
5964
5965
5966
5967
5968
5969
5970
5971
5972
5973
5974
5975
5976
5977
5978
5979
5980
5981
5982
5983
5984
5985
5986
5987
5988
5989
5990
5991
5992
5993
5994
5995
5996
5997
5998
5999
6000
6001
6002
6004
6005
6006
6007
6008
6009
6010
6011
6012
6013
6014
6015
6016
6017
6018
6019
6020
6021
6022
6023
6024
6025
6026
6027
6028
6029
6030
6031
6032
6033
6034
6035
6037
6039
6041
6042
6043
6044
6045
6046
6047
6048
6049
6050
6051
6052
6053
6055
6056
6057
6058
6059
6060
6061
6062
6063
6064
6065
6066
6067
6068
6069
6070
6071
6072
6073
6074
6075
6076
6077
6078
6079
6080
6081
6083
6084
6085
6086
6087
6088
6089
6090
6091
6092
6093
6094
6095
6096
6097
6098
6099
6101
6102
6103
6104
6105
6106
6107
6108
6109
6110
6111
6112
6113
6114
6115
6116
6117
6118
6119
6120
6121
6122
6123
6124
6125
6126
6127
6128
6129
6130
6131
6132
6133
6134
6135
6136
6137
6138
6139
6140
6141
6142
6143
6144
6145
6146
6147
6148
6149
6150
6151
6152
6153
6154
6156
6157
6158
6159
6160
6161
6162
6163
6164
6165
6166
6167
6168
6169
6170
6171
6172
6173
6174
6175
6176
6177
6178
6179
6180
6181
6182
6183
6184
6185
6186
6187
6188
6189
6190
6191
6193
6194
6195
6196
6197
6198
6199
6200
6201
6202
6203
6204
6205
6207
6208
6209
6210
6211
6212
6213
6214
6215
6216
6217
6218
6219
6220
6221
6222
6223
6224
6225
6226
6227
6228
6229
6230
6231
6232
6233
6234
6235
6236
6237
6238
6239
6240
6241
6242
6243
6244
6245
6246
6247
6248
6249
6250
6251
6252
6253
6254
6255
6256
6257
6258
6259
6260
6261
6262
6263
6264
6265
6266
6267
6268
6269
6270
6271
6272
6273
6274
6275
6276
6277
6279
6280
6281
6282
6283
6285
6286
6287
6288
6289
6290
6291
6292
6293
6294
6295
6296
6297
6298
6299
6300
6301
6302
6303
6304
6305
6306
6307
6308
6309
6310
6311
6313
6314
6315
6316
6317
6318
6319
6320
6321
6324
6325
6326
6327
6328
6329
6330
6331
6332
6333
6334
6335
6336
6337
6338
6340
6341
6342
6343
6344
6345
6347
6348
6349
6350
6351
6353
6354
6355
6356
6357
6358
6359
6360
6361
6362
6363
6364
6365
6366
6367
6368
6369
6370
6371
6372
6373
6374
6375
6376
6377
6378
6379
6380
6381
6382
6383
6384
6385
6386
6387
6388
6389
6390
6391
6392
6393
6394
6395
6396
6397
6399
6400
6401
6402
6403
6404
6405
6406
6407
6408
6409
6410
6411
6412
6413
6414
6415
6416
6417
6418
6419
6420
6421
6422
6423
6424
6425
6426
6427
6428
6429
6430
6431
6432
6433
6434
6435
6436
6437
6438
6439
6440
6441
6442
6443
6444
6445
6446
6447
6448
6449
6450
6451
6452
6453
6454
6455
6456
6457
6458
6459
6460
6461
6462
6463
6464
6465
6466
6467
6468
6469
6470
6471
6472
6473
6474
6475
6476
6477
6478
6479
6480
6481
6482
6483
6484
6485
6486
6487
6488
6489
6490
6491
6492
6493
6494
6495
6496
6497
6498
6499
6500
6501
6502
6503
6504
6505
6506
6507
6508
6509
6510
6511
6512
6513
6514
6515
6516
6517
6518
6519
6520
6521
6522
6523
6524
6525
6526
6528
6529
6530
6532
6533
6534
6535
6536
6537
6538
6539
6540
6541
6542
6543
6544
6545
6548
6549
6550
6551
6552
6553
6554
6555
6556
6557
6558
6559
6560
6561
6562
6563
6564
6565
6566
6567
6568
6569
6570
6571
6572
6573
6574
6575
6576
6577
6578
6579
6580
6581
6582
6583
6584
6585
6586
6587
6588
6589
6590
6591
6592
6593
6594
6595
6598
6599
6600
6601
6602
6603
6604
6605
6606
6607
6608
6609
6610
6611
6612
6613
6614
6615
6616
6617
6618
6619
6620
6621
6622
6623
6624
6626
6627
6628
6629
6630
6631
6632
6633
6634
6635
6637
6638
6639
6640
6641
6642
6643
6644
6646
6647
6648
6649
6650
6651
6652
6653
6654
6655
6656
6657
6658
6659
6660
6661
6662
6663
6664
6665
6666
6667
6668
6669
6670
6671
6672
6673
6674
6675
6676
6677
6678
6679
6680
6681
6682
6683
6684
6685
6686
6687
6688
6689
6690
6691
6692
6693
6694
6695
6696
6697
6698
6699
6700
6701
6702
6703
6704
6705
6706
6707
6708
6709
6710
6711
6712
6713
6714
6715
6716
6717
6718
6719
6720
6721
6722
6723
6724
6725
6726
6727
6728
6729
6730
6732
6733
6734
6735
6736
6737
6738
6739
6740
6741
6742
6743
6744
6746
6747
6748
6749
6750
6751
6752
6753
6754
6755
6756
6757
6758
6759
6760
6761
6762
6763
6764
6765
6766
6768
6769
6770
6771
6772
6773
6774
6775
6776
6777
6778
6779
6780
6781
6782
6783
6784
6785
6786
6787
6788
6789
6790
6791
6792
6793
6794
6795
6796
6797
6798
6799
6800
6801
6802
6803
6804
6806
6807
6808
6809
6810
6811
6812
6813
6814
6815
6816
6817
6818
6819
6820
6821
6822
6823
6824
6825
6826
6827
6828
6829
6831
6832
6833
6834
6835
6836
6837
6838
6839
6840
6841
6842
6843
6844
6845
6846
6847
6848
6849
6850
6851
6852
6853
6854
6855
6856
6857
6858
6859
6860
6861
6862
6863
6864
6865
6866
6867
6868
6869
6870
6871
6872
6873
6874
6875
6876
6877
6879
6880
6881
6882
6883
6884
6885
6886
6887
6888
6889
6890
6891
6892
6893
6894
6895
6896
6897
6898
6899
6900
6901
6902
6903
6904
6905
6906
6907
6908
6909
6910
6911
6912
6913
6914
6915
6916
6917
6918
6919
6920
6921
6922
6923
6924
6925
6926
6927
6928
6929
6930
6931
6932
6933
6934
6935
6936
6937
6939
6940
6941
6942
6943
6944
6945
6946
6947
6948
6949
6950
6951
6952
6953
6954
6955
6956
6957
6958
6959
6960
6961
6962
6963
6964
6965
6966
6967
6968
6969
6970
6971
6972
6973
6974
6975
6976
6977
6978
6979
6980
6981
6982
6983
6984
6985
6986
6987
6988
6989
6990
6991
6992
6993
6994
6995
6996
6997
6998
6999
7000
7003
7004
7005
7006
7008
7009
7010
7011
7012
7013
7014
7015
7016
7017
7018
7019
7020
7021
7022
7023
7024
7025
7026
7027
7028
7029
7030
7031
7032
7033
7034
7035
7036
7037
7038
7039
7040
7041
7045
7046
7047
7048
7049
7050
7051
7052
7053
7054
7055
7056
7057
7058
7059
7061
7062
7063
7064
7065
7066
7067
7068
7069
7070
7071
7072
7073
7074
7075
7076
7077
7078
7079
7080
7081
7082
7083
7084
7085
7087
7088
7089
7090
7091
7092
7093
7094
7095
7096
7097
7098
7099
7100
7101
7102
7103
7104
7105
7106
7107
7108
7109
7110
7111
7112
7113
7114
7115
7116
7117
7118
7119
7120
7121
7122
7123
7124
7125
7126
7127
7128
7129
7131
7132
7133
7134
7135
7136
7137
7138
7139
7140
7142
7143
7144
7145
7146
7147
7148
7149
7150
7151
7152
7154
7155
7156
7157
7158
7159
7160
7161
7162
7163
7164
7165
7166
7167
7168
7169
7170
7171
7172
7173
7174
7175
7176
7177
7178
7179
7180
7181
7183
7184
7185
7186
7187
7188
7189
7190
7191
7192
7193
7194
7195
7196
7197
7198
7199
7200
7201
7202
7203
7204
7205
7206
7207
7208
7209
7210
7211
7212
7213
7214
7215
7216
7217
7218
7219
7220
7221
7222
7223
7224
7225
7226
7227
7228
7229
7230
7231
7232
7233
7234
7235
7236
7237
7238
7239
7240
7241
7242
7243
7244
7245
7246
7247
7248
7249
7250
7251
7252
7253
7254
7255
7256
7257
7258
7259
7260
7261
7262
7263
7264
7265
7266
7268
7269
7270
7271
7272
7273
7274
7275
7276
7277
7278
7279
7280
7281
7282
7283
7284
7285
7286
7287
7288
7289
7290
7291
7292
7293
7294
7295
7296
7297
7298
7299
7300
7301
7302
7303
7304
7305
7306
7307
7308
7309
7310
7311
7312
7313
7314
7315
7316
7317
7318
7319
7320
7321
7322
7323
7324
7325
7326
7327
7328
7330
7331
7332
7333
7334
7335
7336
7338
7339
7340
7341
7342
7343
7344
7345
7346
7347
7348
7349
7350
7351
7352
7353
7354
7355
7357
7358
7359
7360
7361
7362
7363
7364
7365
7366
7367
7368
7369
7370
7371
7372
7373
7374
7376
7377
7378
7379
7380
7381
7382
7383
7384
7385
7386
7387
7388
7389
7390
7391
7392
7393
7394
7395
7396
7397
7398
7399
7400
7401
7402
7403
7404
7405
7406
7407
7408
7409
7410
7411
7412
7413
7414
7415
7416
7417
7419
7420
7421
7422
7423
7424
7426
7427
7428
7429
7431
7432
7433
7434
7435
7436
7437
7438
7439
7440
7441
7442
7443
7444
7445
7446
7447
7448
7449
7450
7451
7452
7453
7454
7455
7456
7457
7458
7459
7460
7461
7462
7463
7464
7465
7466
7467
7468
7469
7470
7471
7472
7473
7474
7475
7476
7477
7478
7479
7480
7481
7482
7483
7484
7485
7486
7487
7488
7489
7490
7491
7492
7493
7494
7495
7496
7497
7498
7499
7500
7501
7502
7503
7505
7506
7507
7508
7509
7510
7511
7512
7513
7514
7515
7517
7518
7519
7520
7521
7522
7523
7524
7525
7526
7527
7528
7529
7530
7531
7532
7533
7534
7535
7536
7537
7538
7539
7541
7542
7543
7544
7545
7546
7547
7548
7549
7550
7551
7552
7553
7554
7555
7556
7557
7558
7559
7560
7561
7562
7563
7564
7565
7566
7567
7568
7569
7570
7571
7572
7573
7575
7576
7577
7578
7579
7580
7581
7582
7583
7584
7585
7586
7587
7588
7589
7590
7591
7592
7593
7594
7595
7596
7597
7598
7599
7600
7601
7602
7603
7604
7605
7606
7607
7608
7609
7610
7611
7612
7613
7614
7615
7616
7617
7618
7619
7620
7621
7622
7623
7624
7625
7626
7627
7628
7629
7630
7631
7632
7633
7634
7635
7636
7637
7638
7639
7640
7641
7642
7643
7644
7645
7646
7647
7648
7649
7650
7651
7652
7653
7654
7655
7656
7657
7658
7659
7660
7661
7662
7663
7665
7666
7667
7668
7669
7670
7671
7672
7673
7674
7675
7676
7677
7678
7679
7680
7681
7682
7683
7684
7685
7686
7687
7688
7689
7690
7691
7692
7693
7694
7695
7696
7697
7698
7699
7700
7701
7702
7703
7704
7705
7706
7707
7708
7709
7710
7711
7712
7713
7714
7715
7716
7717
7718
7719
7720
7721
7722
7723
7724
7725
7726
7727
7728
7729
7730
7731
7732
7733
7734
7736
7737
7738
7739
7740
7741
7742
7743
7744
7745
7746
7747
7748
7749
7750
7751
7752
7753
7754
7755
7756
7757
7758
7759
7760
7762
7763
7764
7765
7766
7767
7768
7769
7772
7773
7774
7775
7776
7777
7778
7779
7780
7781
7782
7783
7784
7785
7786
7787
7788
7789
7790
7791
7792
7793
7794
7795
7797
7798
7799
7801
7802
7803
7804
7805
7806
7807
7808
7809
7810
7811
7812
7813
7814
7815
7816
7817
7818
7819
7820
7821
7822
7823
7824
7825
7826
7827
7828
7829
7840
7841
7842
7843
7844
7845
7846
7847
7848
7849
7860
7861
7862
7863
7864
7865
7866
7867
7868
7869
7880
7881
7882
7883
7884
7885
7886
7888
7889
7900
7901
7902
7903
7904
7905
7906
7907
7908
7909
7920
7921
7922
7923
7924
7925
7926
7927
7928
7929
7940
7941
7942
7943
7944
7945
7946
7947
7948
7949
7960
7961
7962
7963
7964
7965
7966
7967
7968
7980
7982
7983
7984
7985
7987
7988
7989
8000
8001
8002
8003
8004
8005
8006
8007
8008
8009
8020
8021
8022
8024
8025
8026
8027
8028
8029
8040
8041
8042
8043
8044
8045
8046
8047
8048
8049
8060
8061
8062
8063
8064
8066
8067
8068
8069
8080
8081
8082
8083
8084
8085
8086
8087
8088
8089
8101
8102
8103
8104
8105
8106
8107
8108
8109
8120
8121
8122
8123
8124
8125
8126
8127
8128
8129
8140
8141
8142
8143
8144
8145
8146
8148
8149
8160
8161
8162
8163
8164
8165
8166
8167
8168
8169
8180
8181
8182
8183
8184
8185
8186
8187
8188
8189
8201
8202
8203
8204
8205
8206
8207
8208
8209
8220
8221
8222
8223
8224
8225
8226
8227
8228
8229
8240
8241
8242
8243
8244
8245
8246
8247
8248
8249
8260
8261
8262
8263
8264
8265
8266
8267
8268
8269
8280
8281
8282
8283
8284
8285
8286
8287
8288
8289
8300
8301
8302
8303
8304
8305
8306
8307
8308
8309
8310
8311
8312
8313
8314
8315
8316
8317
8318
8319
8320
8321
8322
8323
8324
8325
8326
8327
8328
8329
8330
8331
8332
8333
8334
8335
8336
8337
8338
8339
8340
8341
8342
8343
8344
8345
8346
8347
8348
8349
8350
8351
8352
8353
8354
8355
8356
8357
8358
8359
8360
8361
8362
8363
8364
8365
8366
8367
8368
8369
8370
8371
8372
8373
8374
8375
8376
8377
8378
8379
8380
8381
8382
8383
8384
8385
8386
8387
8388
8389
8390
8391
8392
8393
8394
8395
8396
8397
8398
8399
8400
8401
8402
8403
8404
8405
8406
8407
8408
8409
8410
8411
8412
8413
8414
8415
8416
8417
8418
8419
8420
8421
8422
8423
8424
8425
8426
8428
8429
8430
8431
8433
8434
8435
8436
8437
8438
8439
8440
8441
8442
8443
8444
8445
8446
8447
8449
8450
8451
8452
8453
8455
8456
8457
8458
8459
8460
8461
8462
8463
8464
8465
8466
8467
8469
8470
8471
8472
8473
8474
8475
8476
8478
8479
8480
8481
8482
8483
8484
8485
8486
8487
8488
8489
8490
8491
8492
8493
8494
8495
8496
8497
8498
8499
8500
8501
8502
8503
8504
8505
8506
8507
8508
8509
8510
8511
8512
8513
8514
8515
8516
8517
8518
8519
8520
8521
8522
8523
8524
8525
8526
8527
8528
8529
8530
8531
8532
8533
8534
8535
8536
8537
8538
8539
8540
8541
8542
8543
8544
8545
8546
8547
8549
8550
8551
8552
8553
8554
8555
8556
8557
8558
8559
8560
8561
8562
8563
8564
8565
8566
8567
8568
8569
8570
8571
8572
8573
8574
8575
8576
8577
8578
8579
8580
8581
8582
8583
8584
8585
8586
8587
8588
8589
8590
8591
8592
8593
8594
8595
8596
8597
8598
8599
8600
8601
8602
8603
8604
8605
8606
8607
8608
8609
8610
8611
8612
8613
8614
8615
8616
8617
8618
8619
8620
8621
8622
8623
8624
8625
8626
8627
8628
8629
8631
8632
8633
8635
8636
8637
8638
8639
8640
8641
8642
8643
8644
8645
8646
8647
8648
8649
8650
8651
8652
8653
8654
8655
8656
8657
8658
8659
8660
8661
8662
8663
8664
8665
8666
8667
8668
8669
8670
8671
8672
8673
8674
8675
8676
8677
8678
8679
8680
8682
8683
8684
8685
8686
8687
8688
8689
8690
8691
8692
8693
8695
8696
8697
8698
8699
8700
8701
8702
8703
8704
8705
8706
8707
8708
8709
8711
8712
8713
8714
8715
8716
8717
8718
8719
8720
8721
8722
8723
8724
8725
8726
8727
8728
8729
8730
8731
8732
8733
8734
8735
8736
8737
8738
8739
8740
8741
8742
8743
8744
8745
8746
8747
8748
8749
8750
8751
8752
8753
8754
8755
8756
8757
8758
8759
8760
8761
8762
8763
8764
8765
8766
8767
8768
8769
8770
8771
8772
8773
8774
8775
8776
8777
8778
8779
8780
8781
8782
8784
8785
8786
8787
8788
8789
8790
8791
8792
8793
8794
8795
8796
8797
8798
8799
8800
8801
8802
8803
8804
8805
8806
8807
8808
8809
8810
8811
8812
8813
8814
8816
8817
8818
8819
8820
8821
8822
8823
8824
8825
8826
8827
8828
8829
8830
8831
8832
8833
8834
8835
8836
8837
8838
8839
8840
8841
8842
8844
8845
8846
8847
8848
8849
8850
8854
8855
8856
8857
8858
8859
8860
8861
8862
8863
8864
8865
8866
8867
8868
8869
8870
8871
8872
8873
8874
8875
8876
8877
8878
8879
8880
8881
8882
8883
8884
8885
8886
8887
8889
8890
8891
8892
8893
8894
8895
8896
8898
8899
8900
8901
8902
8903
8904
8905
8906
8907
8908
8909
8910
8911
8912
8913
8914
8915
8916
8917
8918
8919
8920
8921
8922
8924
8926
8927
8928
8929
8930
8931
8932
8933
8934
8935
8936
8937
8938
8939
8940
8941
8942
8943
8944
8945
8946
8947
8948
8949
8950
8951
8952
8953
8954
8955
8956
8957
8958
8959
8960
8961
8962
8963
8964
8965
8966
8968
8969
8970
8971
8972
8973
8974
8975
8976
8977
8978
8979
8980
8981
8982
8983
8984
8985
8986
8987
8988
8989
8991
8992
8993
8994
8995
8996
8997
8998
8999
9000
9001
9002
9003
9004
9005
9006
9007
9008
9009
9010
9011
9012
9013
9014
9015
9016
9017
9018
9019
9020
9021
9022
9023
9024
9025
9026
9027
9028
9029
9030
9031
9032
9033
9034
9035
9036
9037
9038
9039
9040
9041
9042
9043
9044
9045
9046
9047
9048
9049
9050
9051
9052
9053
9054
9055
9056
9057
9058
9059
9060
9061
9062
9063
9064
9065
9066
9067
9068
9069
9070
9071
9072
9073
9074
9075
9076
9077
9078
9079
9081
9082
9083
9084
9085
9087
9088
9090
9091
9092
9093
9094
9095
9097
9098
9099
9100
9101
9103
9104
9105
9107
9108
9109
9110
9111
9112
9113
9114
9115
9116
9117
9118
9119
9120
9121
9123
9124
9125
9126
9127
9128
9129
9130
9131
9132
9133
9134
9135
9137
9138
9139
9140
9141
9142
9143
9144
9145
9146
9147
9148
9149
9150
9151
9152
9153
9154
9155
9156
9158
9159
9160
9161
9162
9163
9164
9165
9166
9167
9168
9169
9170
9171
9172
9173
9174
9175
9177
9178
9179
9180
9181
9182
9183
9184
9185
9186
9187
9188
9189
9190
9191
9192
9193
9194
9195
9196
9197
9198
9199
9200
9201
9203
9204
9205
9206
9208
9209
9210
9211
9212
9213
9214
9215
9216
9217
9218
9219
9220
9221
9222
9223
9224
9225
9226
9227
9228
9229
9230
9231
9232
9233
9234
9235
9236
9237
9238
9239
9240
9241
9242
9243
9244
9245
9246
9247
9248
9249
9250
9251
9252
9253
9254
9255
9256
9257
9258
9259
9260
9261
9263
9264
9265
9266
9267
9268
9269
9270
9271
9272
9273
9274
9275
9276
9278
9279
9280
9281
9282
9283
9284
9285
9286
9287
9288
9289
9290
9291
9292
9294
9295
9296
9297
9298
9299
9300
9301
9302
9303
9304
9305
9306
9307
9308
9309
9310
9311
9312
9313
9314
9315
9316
9317
9318
9319
9320
9321
9322
9323
9324
9326
9327
9328
9329
9330
9331
9332
9333
9334
9335
9336
9337
9338
9339
9340
9341
9342
9343
9344
9345
9346
9347
9348
9349
9350
9351
9352
9353
9354
9355
9356
9357
9358
9359
9360
9361
9362
9363
9364
9365
9366
9367
9369
9370
9371
9372
9373
9374
9375
9376
9377
9378
9379
9380
9381
9382
9383
9384
9385
9386
9387
9388
9389
9390
9391
9392
9393
9394
9395
9396
9397
9398
9399
9400
9401
9402
9403
9404
9405
9406
9407
9408
9409
9410
9411
9412
9413
9414
9415
9416
9417
9418
9419
9420
9421
9422
9423
9424
9425
9426
9427
9428
9429
9430
9431
9432
9434
9435
9436
9437
9438
9439
9440
9441
9442
9443
9444
9445
9446
9447
9448
9449
9450
9451
9452
9454
9455
9456
9457
9458
9459
9460
9461
9462
9463
9464
9465
9466
9467
9468
9469
9470
9471
9472
9473
9474
9475
9476
9477
9478
9479
9480
9481
9482
9483
9484
9485
9486
9487
9489
9490
9492
9493
9494
9495
9496
9497
9498
9499
9500
9501
15002
15008
15024
15032
15036
15044
15046
15047
15049
15068
15069
15074
15075
15089
15105
15106
15114
15116
15124
15133
15136
15137
15139
15140
15144
15150
15164
15165
15169
15171
15172
15180
15185
15186
15188
15189
15192
15197
15198
15201
15202
15205
15210
15220
15226
15228
15229
15230
15231
15233
15234
15237
15239
15252
15270
15275
15282
15290
15296
15307
15309
15313
15316
15322
15324
15328
15333
15342
15343
15346
15348
15352
15353
15355
15366
15371
15374
15379
15382
15389
15397
15398
15402
15405
15422
15432
15434
15435
15436
15437
15443
15444
15445
15449
15450
15452
15465
15470
15476
15491
15495
15496
15497
15500
15507
15508
15510
15512
15518
15520
15525
15527
15533
15540
15541
15543
15545
15551
15557
15560
15565
15566
15576
15585
15587
15588
15604
15617
15621
15623
15626
15627
15629
15631
15632
15636
15637
15643
15648
15649
15652
15654
15656
15662
15666
15667
15668
15669
15671
15672
15673
15678
15688
15696
15697
15710
15712
15713
15714
15718
15731
15734
15735
15736
15740
15741
15743
15748
15751
15752
15766
15779
15783
15785
15786
15793
15800
15808
15809
15810
15813
15815
15824
15828
15829
15830
15831
15841
15845
15848
15849
15853
15856
15860
15862
15863
15869
15875
15877
15878
15881
15885
15886
15887
15891
15897
15906
15913
15927
15930
15934
15935
15945
15949
15956
15975
15984
15985
15986
15987
15988
15994
16004
16006
16007
16011
16016
16021
16028
16034
16039
16047
16064
16082
16087
16096
16097
16099
16101
16102
16106
16108
16112
16114
16118
16119
16122
16123
16126
16127
16132
16139
16142
16146
16156
16161
16169
16172
16173
16193
16201
16204
16205
16207
16209
16222
16229
16234
16252
16257
16259
16270
16273
16277
16284
16285
16298
16304
16307
16312
16314
16333
16334
16335
16341
16352
16355
16357
16363
16367
16378
16383
16389
16390
16394
16395
16403
16410
16415
16419
16424
16426
16428
16429
16434
16439
16447
16448
16455
16457
16458
16460
16463
16466
16468
16474
16483
16489
16492
16493
16497
16509
16510
16512
16516
16518
16520
16522
16539
16557
16558
16561
16568
16569
16572
16573
16580
16581
16582
16583
16584
16595
16597
16602
16615
16617
16623
16625
16628
16635
16638
16648
16657
16658
16665
16666
16673
16691
16697
16701
16703
16705
16708
16709
16710
16711
16712
16718
16719
16741
16742
16745
16746
16753
16754
16758
16763
16765
16768
16775
16776
16779
16789
16794
16795
16798
16803
16812
16814
16816
16817
16818
16826
16830
16831
16841
16842
16845
16860
16864
16865
16876
16881
16886
16888
16900
16901
16902
16903
16908
16932
16933
16937
16964
16965
16973
16979
16980
17003
17004
17006
17011
17012
17036
17038
17039
17048
17050
17057
17059
17068
17073
17074
17075
17077
17084
17085
17086
17095
17098
17099
17105
17119
17123
17125
17128
17134
17136
17138
17144
17149
17151
17154
17156
17173
17180
17197
17198
17203
17204
17205
17207
17209
17211
17212
17218
17220
17226
17232
17238
17243
17244
17248
17255
17256
17257
17263
17267
17276
17280
17284
17286
17287
17289
17309
17310
17313
17315
17323
17325
17336
17345
17347
17352
17353
17354
17358
17362
17364
17368
17371
17374
17389
17390
17396
17398
17411
17413
17415
17429
17431
17437
17445
17447
17448
17457
17470
17471
17473
17480
17489
17497
17503
17507
17511
17515
17518
17522
17527
17532
17533
17540
17544
17560
17570
17574
17588
17589
17590
17593
17594
17595
17598
17601
17609
17622
17624
17626
17628
17636
17638
17646
17648
17650
17654
17661
17664
17677
17678
17679
17681
17682
17688
17689
17690
17696
17699
17700
17719
17729
17735
17760
17765
17773
17776
17779
17785
17787
17788
17789
17794
17796
17800
17806
17810
17811
17822
17828
17834
17835
17837
17852
17854
17861
17865
17870
17876
17878
17882
17895
17934
17935
17937
17953
17954
17956
17957
17963
17968
17970
17973
17974
17976
17977
17978
17982
17985
17987
17992
17998
18001
18002
18007
18008
18012
18019
18023
18025
18032
18042
18043
18046
18048
18055
18056
18060
18063
18064
18067
18070
18074
18087
18088
18089
18099
18112
18121
18128
18130
18132
18140
18141
18142
18149
18159
18160
18169
18172
18181
18183
18190
18191
18202
18214
18216
18217
18222
18224
18229
18230
18231
18239
18241
18251
18257
18260
18272
18275
18279
18281
18283
18295
18299
18306
18309
18311
18314
18315
18317
18318
18319
18326
18332
18340
18341
18359
18361
18366
18368
18373
18377
18382
18384
18387
18394
18396
18398
18423
18451
18461
18465
18466
18468
18469
18470
18472
18473
18474
18475
18489
18490
18497
18498
18507
18525
18526
18536
18546
18547
18552
18554
18557
18561
18562
18571
18577
18588
18595
18598
18611
18630
18631
18633
18636
18638
18642
18658
18664
18667
18671
18686
18688
18689
18718
18726
18740
18742
18743
18746
18757
18759
18761
18765
18766
18792
18795
18796
18802
18808
18813
18819
18829
18830
18831
18833
18834
18838
18851
18857
18859
18865
18874
18895
18900
18901
18902
18908
18911
18912
18914
18915
18916
18920
18925
18927
18933
18938
18939
18951
18962
18963
18964
18967
18971
18974
18979
18987
18989
18998
19000
19001
19007
19009
19010
19014
19017
19018
19019
19024
19035
19039
19057
19060
19063
19064
19082
19087
19091
19097
19110
19111
19115
19118
19129
19143
19145
19152
19162
19188
19189
19200
19208
19209
19225
19231
19241
19242
19244
19249
19250
19254
19259
19274
19285
19289
19292
19294
19302
19304
19308
19318
19320
19322
19325
19327
19328
19333
19337
19342
19349
19352
19367
19368
19373
19392
19399
19409
19410
19426
19434
19443
19445
19448
19451
19461
19485
19486
19490
19503
19505
19511
19512
19514
19517
19537
19538
19549
19555
19556
19561
19574
19584
19586
19587
19590
19600
19603
19606
19626
19627
19632
19633
19634
19637
19640
19677
19678
19688
19704
19711
19730
19731
19733
19741
19743
19745
19749
19753
19759
19763
19769
19776
19778
19787
19800
19802
19803
19814
19822
19826
19857
19889
19890
19900
19904
19906
19910
19920
19923
19928
19929
19935
19944
19946
19963
19965
19966
19968
19973
19975
19977
19985
19994
19996
20010
20014
20027
20029
20033
20036
20043
20045
20048
20049
20051
20058
20063
20071
20078
20079
20083
20086
20090
20113
20117
20130
20153
20158
20163
20166
20172
20174
20175
20181
20184
20195
20199
20202
20206
20207
20208
20209
20211
20212
20214
20216
20219
20227
20229
20230
20236
20281
20282
20285
20299
20304
20306
20308
20313
20314
20326
20337
20338
20339
20353
20357
20361
20362
20364
20370
20377
20382
20383
20401
20403
20408
20416
20420
20422
20423
20432
20433
20437
20442
20448
20456
20471
20475
20483
20487
20490
20498
20504
20507
20517
20521
20522
20530
20542
20561
20566
20573
20574
20576
20594
20606
20614
20616
20620
20621
20625
20627
20629
20631
20653
20660
20668
20669
20674
20681
20682
20689
20706
20707
20709
20711
20712
20713
20719
20722
20731
20732
20734
20751
20753
20777
20790
20804
20815
20817
20820
20825
20826
20828
20830
20837
20838
20841
20843
20846
20847
20893
20894
20897
20910
20915
20930
20931
20937
20944
20945
20962
20970
20972
20975
20987
20990
20993
21008
21012
21013
21016
21022
21025
21026
21030
21032
21035
21046
21051
21052
21063
21073
21075
21086
21089
21093
21094
21104
21106
21122
21128
21136
21137
21140
21146
21149
21159
21182
21184
21187
21188
21189
21192
21193
21197
21199
21211
21214
21226
21227
21228
21233
21243
21246
21248
21251
21254
21255
21271
21272
21274
21276
21277
21292
21300
21301
21315
21318
21327
21328
21329
21343
21346
21364
21370
21372
21375
21380
21390
21411
21424
21427
21436
21438
21439
21440
21442
21454
21462
21463
21466
21469
21473
21474
21477
21478
21480
21486
21488
21512
21514
21515
21523
21526
21538
21560
21563
21569
21573
21594
21605
21628
21632
21651
21652
21657
21659
21671
21673
21680
21681
21683
21697
21712
21715
21723
21724
21744
21754
21756
21772
21777
21779
21790
21794
21795
21826
21828
21829
21837
21842
21845
21853
21856
21863
21864
21865
21866
21893
21894
21900
21903
21927
21930
21931
21938
21971
21974
21983
22009
22020
22021
22024
22034
22035
22038
22040
22052
22053
22059
22063
22066
22074
22077
22090
22115
22122
22124
22129
22140
22156
22162
22169
22179
22180
22186
22187
22188
22193
22196
22214
22217
22222
22233
22254
22258
22259
22269
22274
22291
22293
22294
22295
22297
22304
22311
22314
22317
22338
22340
22345
22358
22364
22373
22386
22390
22391
31112
32663
32774
32776
32781
32782
32785
32786
32803
32804
32805
32813
32821
32837
32838
32862
32899
32911
32938
32983
32984
33012
33053
33076
33077
33081
33104
33134
33135
33142
33154
33159
33163
33164
33166
33174
33179
33210
33213
33237
33245
33246
33277
33291
33295
33304
33308
33319
33321
33323
33335
33337
33339
33347
33356
33358
33362
33363
33374
33382
33384
33389
33471
33506
33509
33525
33526
33530
33531
33538
33540
33545
33547
33549
33552
33569
33624
33625
33626
33629
33643
33649
33671
33679
33691
33700
33716
33721
33796
33799
33801
33805
33810
33811
33815
33839
33852
33853
33859
33866
33867
33887
33895
33896
33899
33912
33918
33927
33940
33948
33950
33955
33956
33958
33979
33986
33987
33990
33991
33996
34016
34017
34022
34023
34024
34036
34042
34045
34046
34052
34064
34072
34075
34076
34081
34083
34084
34104
34110
34119
34123
34127
34134
34141
34173
34174
34213
34223
34252
34255
34262
34266
34274
34275
34300
34334
34335
34342
34377
34380
34422
34434
34458
34466
34471
34486
34493
34496
34511
34525
34536
34543
34547
34559
34564
34577
34585
34604
34610
34616
34629
34636
34665
34695
34704
34716
34740
34741
34755
34760
34762
34763
34777
34785
34797
34820
34838
34854
34856
34861
34862
34867
34869
34874
34887
34900
34902
34913
34914
34955
34960
34982
34986
34987
34994
35001
35009
35026
35027
35039
35050
35055
35060
35070
35076
35083
35092
35093
35095
35100
35101
35107
35108
35117
35121
35150
35156
35171
35175
35206
35208
35227
35232
35237
35269
35274
35276
35281
35282
35284
35302
35309
35311
35315
35323
35324
35329
35335
35336
35342
35345
35364
35367
35373
35385
35387
35390
35400
35405
35436
35440
35443
35455
35474
35476
35482
35500
35509
35529
35539
35561
35567
35587
35610
35612
35615
35623
35633
35643
35672
35679
35682
35687
35704
35714
35737
35738
35748
35752
35753
35761
35796
35803
35811
35851
35855
35856
35869
35873
35917
35920
35946
35961
35963
35981
35982
35983
35987
36000
36001
36004
36012
36014
36023
36034
36035
36057
36100
36101
36104
36110
36112
36120
36123
36138
36139
36153
36161
36171
36219
36231
36232
36250
36253
36263
36265
36279
36280
36292
36295
36302
36313
36321
36323
36336
36370
36382
36425
36428
36435
36444
36459
36466
36470
36474
36488
36491
36492
36494
36505
36523
36529
36541
36546
36562
36577
36578
36591
36593
36594
36616
36631
36650
36653
36655
36661
36669
36670
36689
36691
36697
36704
36706
36714
36715
36720
36722
36728
36729
36733
36738
36759
36775
36785
36786
36790
36814
36818
36831
36832
36839
36859
36876
36885
36886
36891
36950
36962
36964
36974
36995
36996
37080
37085
37086
37095
37125
37133
37134
37135
37137
37138
37141
37159
37169
37170
37186
37188
37189
37191
37197
37215
37216
37219
37220
37221
37241
37255
37286
37294
37297
37325
37387
37391
37396
37399
37400
37401
37412
37415
37417
37418
37426
37430
37442
37443
37444
37451
37455
37456
37469
37483
37484
37485
37487
37491
37495
37519
37533
37538
37542
37567
37569
37578
37590
37591
37612
37618
37620
37624
37645
37658
37659
37662
37667
37669
37687
37697
37732
37748
37750
37786
37791
37797
37803
37810
37814
37830
37842
37844
37859
37874
37880
37882
37891
37893
37896
37899
37913
37915
37955
37959
37961
37974
37979
37992
37997
38000
38008
38012
38019
38020
38023
38025
38031
38032
38048
38069
38073
38075
38079
38084
38110
38118
38144
38159
38168
38170
38178
38186
38214
38235
38238
38244
38245
38253
38254
38255
38262
38264
38274
38287
38312
38329
38334
38379
38386
38401
38407
38440
38503
38510
38512
38546
38547
38556
38566
38600
38612
38616
38633
38639
38648
38651
38652
38670
38691
38695
38696
38718
38751
38757
38788
38798
38802
38804
38814
38816
38817
38824
38836
38848
38861
38874
38875
38898
38900
38932
38942
38949
38955
38980
38992
38996
39000
39001
39018
39027
39033
39035
39050
39053
39076
39082
39108
39138
39139
39152
39155
39172
39182
39212
39218
39229
39234
39237
39238
39260
39267
39280
39300
39306
39319
39322
39325
39328
39329
39338
39343
39364
39366
39367
39384
39390
39391
39411
39414
39503
39510
39524
39525
39632
39636
39646
39655
39681
39701
39709
39728
39729
39742
39756
39757
39767
39780
39781
39793
39802
39822
39823
39832
39836
39837
39855
39870
39941
39970
39981
39986
40013
40017
40055
40057
40086
40090
40117
40122
40123
40128
40130
40133
40152
40166
40176
40178
40210
40246
40258
40271
40289
40294
40295
40298
40308
40316
40320
40348
40354
40403
40410
40421
40452
40506
40512
40547
40556
40562
40607
40610
40625
40659
40675
40712
40739
40758
40764
40769
40772
40783
40785
40795
40834
40841
40862
40917
40925
40961
40987
41082
41083
41087
41109
41119
41135
41153
41168
41169
41178
41188
41201
41217
41218
41233
41255
41261
41271
41314
41316
41342
41344
41362
41364
41376
41377
41380
41383
41396
41418
41440
41449
41450
41461
41490
41495
41505
41520
41531
41573
41659
41666
41684
41696
41743
41746
41753
41758
41771
41773
41778
41781
41787
41789
41794
41796
41797
41798
41823
41830
41876
41901
41903
41906
41908
41937
41939
41948
41975
42018
42019
42039
42054
42055
42082
42087
42094
42096
42110
42112
42120
42182
42184
42189
42194
42206
42217
42248
42264
42272
42296
42321
42326
42350
42383
42393
42436
42441
42462
42463
42464
42465
42485
42487
42506
42541
42565
42570
42573
42575
42607
42613
42662
42685
42714
42737
42758
42763
42783
42796
42797
42809
42814
42816
42833
42847
42858
42878
42934
42948
42974
42989
43014
43045
43053
43054
43066
43069
43071
43111
43119
43121
43126
43129
43188
43189
43196
43232
43269
43284
43287
43295
43303
43313
43329
43341
43381
43398
43411
43415
43422
43446
43489
43508
43515
43522
43524
43529
43538
43559
43562
43565
43572
43577
43591
43592
43602
43607
43668
43686
43737
43738
43743
43775
43787
43788
43790
43829
43838
43839
43841
43844
43854
43855
43904
43925
43952
44007
44010
44017
44018
44050
44051
44060
44067
44071
44073
44080
44100
44103
44118
44120
44157
44159
44162
44166
44214
44215
44236
44259
44275
44299
44300
44349
44355
44358
44370
44378
44382
44399
44477
44609
44610
44611
44618
44633
44637
44642
44651
44669
44670
44691
44705
44737
44741
44746
44749
44789
44804
44811
44814
44831
44842
44843
44845
44848
44849
44866
44881
44885
44888
44890
44900
44912
44920
44936
44938
44941
44944
44954
44982
44985
44988
44992
45013
45025
45041
45045
45064
45068
45121
45130
45131
45138
45141
45171
45174
45182
45185
45186
45190
45202
45205
45226
45231
45297
45308
45324
45334
45367
45372
45404
45436
45447
45453
45454
45455
45477
45500
45507
45509
45530
45573
45583
45591
45594
45620
45626
45653
45654
45689
45700
45719
45730
45740
45747
45749
45759
45760
45779
45791
45848
45873
45874
45875
45878
45896
45900
45902
45912
45916
46081
46105
46133
46140
46151
46156
46177
46180
46206
46214
46228
46229
46270
46278
46292
46294
46317
46352
46356
46359
46361
46363
46368
46389
46396
46399
46415
46418
46447
46453
46457
46489
46497
46511
46521
46554
46563
46564
46572
46574
46588
46612
46625
46629
46634
46644
46653
46667
46688
46702
46714
46733
46747
46784
46787
46794
46838
46867
46907
46912
46927
46932
46948
46956
46976
46982
47003
47004
47053
47093
47111
47159
47243
47246
47256
47320
47339
47371
47372
47377
47395
47409
47423
47452
47482
47494
47508
47534
47553
47561
47564
47608
47613
47617
47637
47639
47674
47722
47734
47736
47753
47798
47805
47809
47810
47812
47821
47861
47863
47865
47867
47878
47892
47901
47908
47919
47923
47952
47967
47975
47977
47999
48004
48015
48022
48053
48057
48061
48072
48075
48123
48128
48162
48163
48182
48184
48187
48192
48235
48237
48254
48274
48279
48280
48290
48308
48315
48320
48324
48375
48387
48413
48437
48447
48458
48463
48481
48482
48492
48497
48504
48506
48529
48541
48546
48556
48561
48562
48563
48564
48578
48588
48624
48627
48641
48644
48666
48682
48706
48708
48715
48753
48784
48786
48792
48793
48806
48860
48879
48883
48885
48905
48910
48914
48918
48942
48961
49001
49002
49021
49024
49026
49060
49149
49153
49156
49157
49159
49164
49165
49186
49188
49204
49211
49213
49219
49222
49228
49239
49292
49313
49323
49335
49353
49371
49384
49386
49394
49405
49423
49440
49446
49448
49455
49460
49479
49500
49514
49549
49557
49567
49575
49620
49624
49656
49665
49667
49696
49702
49703
49728
49743
49747
49781
49794
49795
49798
49815
49825
49828
49830
49831
49852
49874
49893
49903
49918
49925
49945
49965
50012
50013
50057
50069
50083
50085
50103
50104
50111
50118
50145
50147
50164
50167
50185
50214
50219
50246
50251
50266
50267
50295
50314
50325
50333
50346
50359
50385
50387
50394
50406
50414
50415
50422
50427
50472
50540
50635
50668
50683
50718
50721
50745
50751
50756
50796
50816
50819
50825
50843
50853
50893
50899
50919
50930
50955
50958
50993
50996
51034
51041
51068
51071
51079
51094
51099
51101
51106
51109
51129
51131
51161
51168
51174
51177
51193
51195
51341
51385
51391
51535
51560
51567
51578
51666
51689
51704
51723
51767
51782
51783
51791
51793
51799
51811
51826
51843
51853
51880
51917
51921
51951
51954
51959
51960
51961
51980
51983
51985
51988
52008
52011
52038
52076
52093
52096
52299
52332
52347
52354
52378
52383
52390
52391
52394
52420
52454
52465
52482
52486
52491
52492
52497
52541
52550
52553
52558
52588
52603
52610
52685
52694
52700
52723
52749
52770
52778
52784
52805
52836
52900
52901
52917
52918
52920
52973
52984
53012
53023
53039
53065
53068
53074
53082
53085
53088
53105
53119
53163
53182
53188
53197
53213
53217
53255
53277
53282
53300
53305
53306
53315
53320
53325
53329
53381
53383
53457
53474
53475
53476
53478
53480
53549
53599
53613
53631
53661
53671
53710
53751
53760
53793
53811
53817
53831
53849
53850
53855
53866
53880
53911
53912
53920
53931
53951
53953
53955
53958
53961
53964
54028
54041
54044
54045
54046
54070
54078
54089
54091
54148
54240
54248
54276
54301
54359
54447
54450
54454
54468
54476
54512
54524
54537
54551
54555
54580
54589
54594
54642
54662
54679
54710
54714
54774
54781
54791
54808
54852
54857
54866
54876
54888
54946
54948
54951
54971
54978
54980
54983
54988
55001
55007
55064
55097
55551
56309
59623
61237
64481
65540
65607
65660
65703
65704
65730
65735
65738
65745
65790
65795
65851
65926
65932
65954
65956
65957
65988
66012
66015
66024
66029
66043
66062
66098
66111
66153
66155
66189
66226
66236
66278
66313
66342
66348
66353
66396
66398
66403
66444
66545
66558
66581
66584
66590
66592
66603
66627
66630
66699
66731
66736
66747
66798
66818
66850
66873
66876
66879
66900
66935
66936
66942
66971
66979
66983
66986
67017
67028
67046
67060
67132
67184
67233
67249
67259
67314
67365
67368
67377
67427
67438
67448
67473
67478
67528
67551
67554
67567
67575
67577
67585
67589
67611
67641
67690
67719
67802
67891
67892
67941
67954
67957
67978
68028
68054
68092
68114
68137
68143
68244
68246
68260
68290
68345
68409
68439
68480
68487
68568
68666
68667
68684
68695
68716
68724
68729
68780
68788
68821
68850
68892
68914
68931
68933
68941
68949
68957
68964
69014
69071
69102
69133
69149
69154
69161
69183
69199
69200
69202
69247
69249
69257
69258
69265
69279
69298
69299
69307
69329
69358
69387
69408
69452
69472
69494
69496
69513
69514
69515
69544
69549
69583
69591
69608
69614
69644
69645
69697
69716
69738
69760
69764
69765
69766
69778
69779
69786
69824
69839
69840
69866
69879
69882
69891
69900
69913
69929
69991
69995
69997
70008
70062
70136
70180
70186
70267
70368
70388
70395
70440
70451
70457
70503
70545
70562
70576
70589
70630
70633
70648
70653
70665
70669
70698
70701
70711
70724
70769
70787
70802
70839
70846
70872
70893
70914
70966
70996
71010
71019
71031
71083
71107
71110
71129
71162
71165
71199
71209
71250
71260
71278
71301
71386
71398
71413
71448
71452
71511
71526
71530
71675
71684
71695
71726
71743
71744
71770
71774
71829
71870
71947
71977
71998
72005
72029
72052
72055
72075
72095
72106
72122
72135
72142
72174
72179
72227
72229
72234
72291
72309
72355
72368
72379
72407
72422
72456
72485
72486
72532
72580
72594
72611
72625
72642
72671
72701
72746
72796
72862
72869
73027
73028
73065
73068
73077
73190
73220
73224
73233
73253
73254
73288
73302
73305
73338
73356
73425
73463
73483
73501
73509
73557
73601
73616
73617
73637
73660
73705
73744
73778
73796
73801
73802
73803
73806
73824
73861
73865
73866
73976
74000
74013
74025
74072
74075
74135
74175
74176
74211
74235
74240
74277
74395
74410
74411
74413
74430
74506
74513
74516
74525
74535
74541
74569
74618
74625
74636
74682
74707
74745
74766
74768
74769
74779
74808
74910
74925
74938
74943
74995
75000
75009
75032
75035
75048
75153
75156
75163
75207
75219
75220
75230
75270
75284
75291
75296
75309
75315
75329
75332
75341
75374
75420
75456
75464
75465
75685
75714
75858
75898
75919
75924
75941
75950
75955
75971
76040
76052
76077
76089
76100
76175
76216
76269
76338
76339
76345
76366
76423
76424
76436
76610
76639
76700
76702
76725
76837
76962
76967
77013
77034
77082
77096
77127
77167
77187
77270
77276
77293
77317
77364
77366
77367
77400
77433
77439
77453
77454
77472
77504
77507
77511
77578
77632
77642
77657
77728
77729
77732
77736
77752
77828
77842
77870
78107
78124
78128
78211
78273
78302
78350
78385
78407
78447
78448
78503
78605
78654
78660
78670
78733
78734
78753
78764
78799
78814
78833
78836
78865
78867
78900
78905
78919
78924
78938
79007
79041
79120
79151
79182
79183
79275
79294
79344
79385
79429
79438
79439
79447
79448
79456
79529
79566
79582
79621
79640
79680
79681
79704
79766
79782
79798
79811
79840
79907
79926
80002
80065
80079
80082
80168
80222
80267
80376
80468
80531
80532
80566
80616
80643
80646
80648
80653
80705
80736
80772
80779
80797
80823
80873
80880
80909
80938
80949
80956
80988
81027
81063
81086
81233
81260
81305
81337
81383
81460
81499
81553
81554
81609
81640
81648
81705
81711
81719
81769
81785
81801
81909
81910
81915
81917
81963
81974
81975
81976
82000
82025
82026
82052
82081
82145
82147
82149
82153
82159
82161
82269
82335
82393
82418
82440
82491
82501
82521
82559
82571
82578
82698
82737
82742
82799
82833
82843
82857
82935
83003
83053
83105
83138
83199
83218
83248
83321
83372
83392
83423
83457
83472
83593
83617
83625
83670
83686
83746
83801
83814
83871
83892
83896
83897
83898
83910
83921
83963
83970
83972
83990
84065
84084
84090
84108
84114
84153
84164
84288
84306
84327
84464
84474
84509
84530
84620
84729
84772
84820
84823
84847
84849
84860
84861
84903
84936
84981
84998
85009
85086
85190
85208
85237
85264
85272
85293
85359
85470
85522
85547
85624
85628
85660
85678
85747
85763
85820
85821
85824
85854
85860
85861
85862
85881
85908
85939
85970
86097
86118
86138
86187
86189
86250
86267
86283
86336
86369
86447
86459
86480
86517
86526
86570
86580
86640
86651
86665
86775
86778
86809
86880
86890
86919
86936
86947
86955
87004
87044
87052
87055
87104
87124
87237
87239
87324
87346
87359
87368
87380
87383
87390
87396
87397
87415
87437
87499
87510
87556
87570
87694
87696
87754
87760
87762
87779
87792
87810
87812
87833
87840
87866
87871
87881
87892
87907
87946
87956
98689
98855
98856
98898
98943
98954
98969
99005
99151
99156
99157
99159
99163
99181
99225
99230
99250
99281
99387
99398
99424
99431
99450
99485
99508
99531
99536
99610
99641
99668
99851
99887
99917
99926
99987
100058
100076
100123
100151
100191
100193
100319
100341
100415
100434
100444
100468
100509
100614
100615
100660
100719
100779
100844
100857
100907
101118
101125
101170
101213
101227
101312
101404
101424
101569
101642
101648
101670
101680
101692
101695
101715
101716
101721
101896
101924
101926
101959
101962
102115
102143
102158
102207
102241
102248
102250
102259
102344
102348
102363
102397
102570
102619
102631
102639
102665
102717
102749
102855
102863
102906
102931
102960
102973
102994
102995
103019
103194
103296
103311
103345
103482
103504
103553
103556
103628
103644
103791
103932
103941
103943
104013
104022
104032
104041
104042
104135
104145
104225
104464
104552
104553
104554
104575
104599
104633
104693
104703
104705
104706
104719
104753
104782
104835
104996
105004
105013
105025
105052
105149
105155
105171
105180
105305
105307
105344
105360
105420
105467
105473
105495
105496
105560
105600
105605
105620
105658
105808
105811
105859
105900
105970
106146
106332
106354
106355
106367
106412
106608
106621
106738
106754
106778
106921
106927
106973
106986
106999
107033
107068
107095
107098
107120
107173
107181
107183
107283
107370
107549
107568
107608
107735
107750
107784
107806
107837
107839
107861
107917
107925
107963
107967
108064
108109
108121
108145
108148
108162
108302
108349
108462
108502
108512
108513
108526
108602
108657
108819
108847
108853
108921
109022
109110
109112
109147
109148
109149
109209
109210
109333
109539
109546
109657
109664
109726
109807
109836
109851
109877
109902
110009
110024
110080
110115
110130
110207
110258
110268
110305
110353
110455
110478
110482
110485
110538
110557
110617
110809
110822
110912
110988
111010
111041
111088
111213
111363
111412
111440
111492
111626
111680
111689
111718
111779
111812
111888
111991
112018
112082
112099
112246
112255
112288
112314
112376
112407
112427
112475
112514
112578
112587
112627
112635
112722
112796
112877
112885
112972
112991
113041
113175
113179
113201
113258
113329
113472
113570
113652
113653
113655
113922
114112
114195
114212
114395
114613
114635
114740
114863
114869
114878
114942
115006
115078
115104
115161
115172
115174
115186
115230
115263
115591
115598
115615
115637
115747
115763
115840
115900
115917
115978
116309
116346
116353
116366
116589
116613
116653
116656
116750
116801
116809
116909
116932
116986
117005
117009
117152
117199
117216
117227
117422
117488
117523
117526
117668
117689
117699
118012
118015
118047
118050
118166
118208
118251
118275
118285
118307
118412
118486
118543
118632
118650
118659
118701
118725
118726
118749
118831
118880
118947
119031
119032
119130
119206
119211
119212
119214
119292
119303
119517
119570
119580
119633
119636
119643
119699
119915
119946
120003
120007
120028
120053
120064
120097
120125
120144
120268
120329
120362
120365
120424
120440
120571
120615
120616
120686
120691
120696
120716
120719
120729
131096
131122
131203
131359
131469
131520
131660
131779
131820
132045
132110
132143
132152
132268
132399
132420
132427
132488
132496
132499
132515
132603
132684
132849
132981
133049
133169
133188
133399
133524
133537
133563
133571
133659
134081
134114
134314
134385
134455
134482
134561
134596
134673
134731
134748
134800
134816
134842
134865
134866
134869
134893
135022
135095
135168
135215
135226
135260
135567
135644
135662
135701
135777
135861
135864
135957
135967
136099
136111
136212
136228
136266
136515
136519
136601
136604
136636
136643
136710
136763
136770
136780
136868
136961
137010
137098
137282
137338
137361
137378
137537
137594
137668
137730
137735
137889
137949
138064
138102
138174
138263
138385
138584
138605
138702
138725
138881
138945
139060
139066
139071
139201
139209
139298
139405
139712
139719
139768
139812
139871
139872
139917
139931
139978
139989
140034
140038
140043
140109
140216
140394
140407
140433
140434
140555
140592
140670
140677
140705
140862
140879
140938
141088
141225
141239
141311
141312
141456
141501
141513
141636
141714
141730
141883
141973
142057
142087
142099
142163
142192
142259
142286
142303
142684
142797
142896
142912
142932
142937
143025
143060
143080
143210
143454
143499
143504
143521
143575
143914
143944
143985
144199
144222
144328
144356
144473
144938
144939
145061
145388
145454
145523
145580
145692
145710
145719
145741
145978
146009
146096
146104
146193
146244
146295
146306
146329
146343
146344
146354
146376
146411
146624
146821
146874
147023
147096
147180
147186
147396
147556
147576
147609
147630
147668
147732
147749
147911
147935
148013
148025
148090
148094
148107
148172
148235
148275
148292
148493
148498
148685
148719
148734
148796
148806
148821
148950
148959
148992
149001
149108
149123
149173
149270
149306
149312
149423
149616
149665
149772
149781
149953
150057
150129
150168
150228
150516
150517
150676
150842
150888
151152
151274
151348
151418
151429
151432
151517
151640
151735
151977
152009
152063
152183
152244
152286
152390
152414
152437
152479
152583
152847
152905
152907
152924
153286
153342
153423
163843
164087
164094
164200
164515
164570
164624
164629
164688
164708
164775
164811
164861
164916
165100
165112
165133
165146
165324
165351
165354
165445
165496
165588
165625
165757
166144
166311
166554
166683
166949
166950
167250
167322
167354
167438
167439
167635
167935
167940
167975
168029
168050
168082
168311
168418
168443
168508
168551
168572
168610
168660
168664
168793
168887
169023
169064
169122
169294
169297
169550
169556
169625
169799
170059
170548
170644
170866
170949
170980
171092
171184
171196
171204
171410
171607
172007
172011
172144
172154
172157
172184
172404
172414
172488
172510
172568
172573
172574
172767
172828
172972
173052
173124
173150
173353
173434
173447
173594
173607
173650
173699
173715
173884
174110
174172
174202
174265
174685
174788
175101
175109
175150
175219
175313
175473
175507
175660
175882
175901
175937
176081
176095
176261
176360
176482
176722
176977
177081
177113
177161
177180
177352
177606
177627
177633
177830
177979
178092
178102
178204
178270
178283
178392
178442
178507
178628
178668
178850
178954
179159
179162
179339
179500
179685
179849
180111
180402
180425
180595
180675
180690
180699
180701
180753
180776
180841
180852
180948
181176
181325
181387
181610
181880
182419
182423
182435
182514
182832
182939
183022
183311
183328
183409
183690
184038
184104
184154
184226
184338
184428
184599
184663
184668
184789
184801
185165
185254
185281
185511
185578
185601
185742
185775
185894
186093
190034
196836
197408
197409
197506
197724
197881
198035
198384
198760
198986
199007
199085
199130
199199
199373
199761
199824
199987
200045
200072
200102
200320
200385
200737
200755
200765
200767
200773
200950
201446
201510
201654
201720
201969
201995
202017
202181
202284
202581
202731
202775
202832
202860
202892
202905
203160
203318
203506
203518
203524
203672
203714
203744
204120
204153
204223
204279
204298
204320
204327
204336
204408
204567
204676
204748
204782
204939
204953
205156
205313
205345
205548
205763
206047
206157
206347
206514
206644
206746
206762
206866
206939
207432
207804
207905
207918
208017
208057
208143
208146
208322
208381
208670
208680
208819
209292
209375
209376
209510
209513
209824
210009
210026
210116
210117
210193
210201
210279
210368
210375
210748
210785
210933
211223
211543
211668
211682
211683
211764
211785
211901
211927
212085
212186
212304
212414
212449
212465
212579
212584
212610
212876
212996
213009
213363
213415
213446
213460
213796
213992
214043
215256
215370
215420
215570
215576
215685
215939
216104
216132
216315
216430
216465
216566
216569
216621
216632
216644
216734
217000
217191
217225
217301
217559
217995
218025
218095
218136
218214
218260
218453
218573
218666
218707
218773
218789
218804
218975
224210
229653
229846
230443
230468
230736
231055
231297
231875
231998
232318
232391
232718
233551
233626
233633
233706
234026
234246
234265
234303
234444
234452
234586
234624
234695
234726
235271
235280
235283
235405
235574
235754
236044
236049
236110
236517
236558
236610
236697
236705
236808
236924
237253
237351
237492
237493
237578
237684
237748
237788
237948
238079
238296
238299
238535
238852
238975
239031
239040
239419
239436
239750
239893
239966
240112
240147
240336
240434
240481
240498
240606
240678
240890
241114
241120
241190
241502
241596
241853
242107
242165
242170
242172
242174
242176
242190
242212
242223
242230
242331
242780
242784
242866
242929
243070
243336
243417
243654
243658
243692
243765
243873
244276
244838
244871
245143
245286
245319
245535
245587
245708
245904
246406
246562
246955
247060
247136
247544
247653
247799
248233
248248
248368
248378
248423
248668
248817
249432
249446
249677
249782
249825
250116
250253
250263
250291
250367
250408
250486
250688
251145
251175
251474
251480
251792
262226
262612
262697
262980
263072
263081
263119
263294
263767
263769
263770
263774
263775
263779
263853
263926
263983
264230
264403
264666
264890
264934
264974
265003
265073
265227
265297
265420
265498
265736
265763
265914
265984
266025
266285
266666
266690
266708
266940
266951
267589
267683
267792
267852
267925
268220
268482
268547
269154
269186
269189
269346
269447
269494
269785
269787
269835
269870
269910
269960
270106
270163
270467
270580
270681
270926
271522
271583
271607
271844
272024
272031
272183
272282
272294
272812
273039
273093
273195
273353
273368
273473
273689
273901
274150
274239
274458
274822
275213
275453
275593
275755
275908
275994
276136
276398
276431
276451
276728
276797
277904
277920
278355
278534
278538
278897
278928
279039
279081
279315
279373
279459
279684
279812
279899
280113
280343
280491
280558
280581
280722
280743
280749
280750
280765
281049
281085
281477
281782
281921
281988
282210
282527
282630
283029
283088
283316
283363
283435
283487
283523
283668
283790
284448
295370
295508
295742
295880
296174
296283
296614
296693
297393
297645
298162
298515
298711
298729
299149
299190
299215
299411
299531
299580
299768
299772
299818
300195
300389
300812
301064
301621
301689
302294
302330
302448
302864
303131
303161
303377
303441
303609
304057
304283
304450
304465
304560
304833
305783
306146
306162
306289
306413
306500
306503
306907
306950
307271
307473
307489
307495
307704
307705
307858
307946
308171
308204
308270
308585
308989
309847
309881
309923
310642
310829
311629
312379
312392
312471
312533
312573
312662
312899
312937
313281
313422
313437
313626
313664
314317
314450
314481
314589
314843
315723
315775
316252
316268
316409
316501
316571
316748
316760
316849
317314
328129
328131
328132
328134
328254
328292
328353
328762
328977
329844
329944
330195
330327
330708
330714
331376
331653
331768
331799
331832
331839
332131
332321
332400
332548
332739
333111
333112
333255
333277
333843
333878
333940
333957
333982
334066
334471
334514
334837
334849
335469
335638
336313
338045
338531
338592
338599
339366
339562
339581
340352
340658
340730
341017
341577
341584
342027
342255
342388
342616
342959
343989
343990
344470
345007
345719
345730
346375
346383
346469
346769
346779
346898
347056
347116
347271
347678
347752
347839
348087
348399
348992
349279
349376
349377
360755
360790
361054
361215
361264
361943
361947
361996
362304
362398
362650
363078
363206
363208
363366
363914
363963
363975
364268
364400
364416
364419
364605
364838
365073
365444
365656
365957
366192
366244
366306
366338
366857
367042
367399
367402
367420
367447
367525
367721
368204
368298
368514
368771
368946
368964
369437
370572
371041
371262
371775
371795
372305
373431
373620
374051
374279
374374
374727
375372
375417
375589
375721
375808
375894
376198
376320
376359
376852
376942
377162
377488
377832
378361
378408
378409
378462
378684
378858
378969
380143
380183
380301
381024
381056
381651
381779
382526
393328
393708
394099
394655
394861
395107
395788
395862
396730
396741
396784
396902
397051
397422
397691
398433
399599
399806
399980
401438
401575
402234
402272
402836
402981
403052
403379
403554
404328
404345
404675
404859
404922
404931
405322
405981
406133
406954
407122
407126
407230
407361
407627
407818
408050
408218
408249
408564
409049
409488
409490
409736
409937
410152
410436
410490
410860
410882
411265
411311
411560
411632
411974
412140
413430
413489
413491
413530
413919
414010
414750
414834
414968
415081
415424
426216
426726
426937
427152
427422
427503
428262
428501
429105
429532
430545
430919
431150
431158
431217
431348
431493
431495
431538
431871
431908
432045
432130
432207
432331
432350
432448
432516
432588
433366
434114
434130
434308
435834
436061
436345
436387
436483
436988
437039
437305
437407
437544
438105
439606
440167
440197
440382
440534
440974
441585
441985
442250
442533
444853
445482
445483
445660
446023
446355
446517
447204
447275
447296
447455
447798
447988
448033
459761
459809
460041
460567
461077
461530
461650
461826
462010
462686
462806
462874
462914
463436
463643
464487
464972
464976
465200
465428
466221
466507
466557
466766
466839
466889
467063
467218
467996
468284
468293
469537
469829
470160
470602
470608
471057
471448
471529
471542
471772
471791
471836
472572
472828
473029
473745
474107
475240
475281
475781
475884
476251
476295
476510
476565
476851
477154
477354
477355
477443
477838
477962
478000
478014
478345
478396
478925
478944
479020
479497
479942
480113
480194
481033
481082
491574
491762
492268
492496
492863
493329
493916
494732
495350
495570
495829
497214
497412
499438
499526
499934
500042
500045
500808
500812
501209
501312
501482
501778
501786
502866
503382
503477
503675
503885
504172
504981
506227
507063
507178
507453
507580
507789
508155
508187
508295
509499
509660
509859
510242
510365
510733
510869
511896
513797
524303
524309
524468
524491
524847
524849
524879
525193
525381
525523
526287
526963
527201
527644
528715
528886
529541
529847
530617
530691
531158
531918
532073
532077
532594
532839
534921
535629
535754
536084
536088
536102
536157
536525
536671
537312
538505
538762
539392
540308
540487
540525
541098
541211
541215
544953
545953
546113
546116
546353
546578
11220166
11220221
11220262
11221134
11221211
11221235
11221952
11223515
11223856
11224454
11225394
11225642
11375611
11376953
11377302
11378530
11379428
11380086
11380323
11380520
12207823
12243445
12243607
12244018
12264932
12265311
12265470
12272557
12341840
12420558
12459922
12473917
12560945
12562806
12583847
12596010
12596028
12648708
12665638
12691907
12722373
12731348
12755173
12793588
12796594
12822104
12828840
12828876
12845680
12860962
12866072
12885580
12895931
12921772
12932773
12955008
12962230
12992681
13054898
13061837
13075459
13091618
13091621
13109262
13117932
13124392
13125524
13128606
13184900
13189378
13239641
13338082
13387326
13410853
13410966
13412877
13441894
13450998
13500609
13502486
13570158
13577462
13609164
13613402
13633679
13639930
13640964
13642756
13670090
13697235
13698085
13700938
13705122
13765623
13767744
13767747
13768195
13768332
13768360
13768632
13768928
13770805
13771023
13771092
13771319
13772030
13772109
13772223
13772383
13772423
13772735
13773020
13773127
13773893
13774749
13776315
13776905
13777233
13778740
13779723
13780143
13780621
13782296
13782446
13782545
13783999
13796771
13796909
13797638
13797954
13799047
13800504
13800752
13802351
13802800
13802840
13802843
13804044
13805436
13806109
13806678
13807107
13807509
13807955
13808945
13809611
13813548
13814333
13814396
13815842
13816131
13816133
13816173
13816226
13816227
13816698
13828424
13828425
13828858
13828866
13828899
13833960
13834852
13834854
13834856
13835604
13836097
13836343
13837080
13837703
13838482
13838971
13839582
13840106
13840228
13841093
13841094
13841519
13845401
13845485
13846067
13846528
13847820
13850507
13863736
13864863
13864868
13865335
13865343
13865502
13865623
13866608
13866915
13867791
13876149
13876946
13878484
13878614
13878986
13879426
13879794
13879986
13880303
13880307
13880313
13881209
13882144
13882261
13882631
13883080
13895270
13895281
13895302
13896320
13896321
13896720
13896980
13897352
13897451
13898765
13899165
13899223
13900250
13900284
13900351
13900397
13901636
13902251
13903800
13904032
13904122
13904552
13904862
13905028
13906372
13906774
13907925
13909232
13910263
13910671
13911696
13912417
13912834
13914588
13915322
13928735
13929983
13930134
13930674
13931579
13932598
13934798
13937035
13937336
13937337
13937395
13937648
13937984
13939205
13940231
13941589
13942291
13942428
13944080
13944185
13944281
13944287
13944337
13946435
13946581
13948242
13960273
13962147
13963202
13963351
13963823
13966060
13968394
13968702
13969065
13969276
13969519
13971492
13972294
13973400
13973736
13974379
13974399
13975321
13976238
13976360
13977521
13978352
13979610
13979839
13992286
13993578
13995143
13995153
13996832
13998972
14000621
14000756
14001249
14001754
14001938
14002612
14005628
14008887
14010839
14011146
14011998
14012114
14012120
14013440
14016165
14059591
14156017
14172338
14191935
14204130
14300778
14300829
14301692
14301844
14302591
14305018
14305203
14305377
14306459
14306839
14306950
14307257
14307584
14308262
14309057
14319717
14319718
14319722
14320444
14321164
14321789
14322311
14323089
14323384
14324774
14325234
14325237
14325238
14325563
14325807
14326951
14330708
14330861
14331763
14333325
14334208
14336062
14337357
14340268
14340565
14341372
14352465
14354654
14355092
14357263
14362212
14362766
14363758
14364762
14365165
14366346
14366436
14367655
14369025
14369168
14370307
14370875
14372371
14372621
14372774
14373178
14373926
14374001
14374503
14374787
14385663
14387187
14387354
14387697
24388418
24389204
24390700
24392399
24393439
24393468
24393744
24393761
24393841
24394661
24395450
24396088
24396891
24396907
24396947
24399362
24399389
24399770
24400672
24410734
24410788
24413790
24413956
24414963
24415071
24415992
24416122
24416376
24416377
24416883
24417605
24418665
24418938
24418967
24419261
24419265
24419341
24419388
24419399
24419405
24419428
24419442
24419545
24419640
24420167
24420175
24420744
24420781
24421273
24421276
24421298
24421346
24421671
24421862
24421998
24422101
24422386
24423167
24423354
24423746
24423767
24424169
24424342
24424552
24424707
24425390
24425404
24425492
24425843
24426627
24426925
24427178
24427180
24427695
24427698
24427733
24428759
24429139
24429987
24430494
24430534
24430891
24430911
24434212
24434519
24444227
24445426
24446031
24446404
24446416
24446420
24447318
24447522
24447661
24447692
24448015
24448548
24448550
24448859
24449489
24449518
24449563
24450517
24450851
24451382
24451534
24451547
24451600
24453186
24453463
24453514
24453523
24453992
24454196
24454239
24455023
24455703
24456060
24456072
24456686
24456981
24457157
24457224
24457492
24457495
24457708
24457738
24457900
24458033
24458129
24458210
24458331
24458808
24459239
24459299
24459842
24460051
24460393
24460564
24460786
24461055
24461056
24461288
24461779
24461907
24462310
24462561
24463058
24463071
24464704
24465633
24465842
24465942
24466023
24466343
24466407
24466836
24467041
24467142
24471722
24477957
24478477
24479692
24480894
24481083
24481177
24481198
24481201
24481791
24482141
24483263
24483816
24484022
24484561
24484775
24484779
24485176
24485620
24485920
24487911
24488476
24489879
24491067
24494259
24494430
24494555
24494874
24495030
24495388
24495475
24496010
24496106
24496645
24496701
24496717
24497297
24497665
24497961
24498820
24499312
24500060
24511772
24511819
24511820
24511821
24512576
24513697
24513808
24515679
24516176
24523727
24524745
24524770
24524793
24524794
24525358
24527161
24530285
24530571
24532626
24532627
24543631
24544002
24545001
24545504
24545859
24546467
24548581
24548792
24549270
24550264
24550774
24551563
24551982
24553289
24553490
24553512
24553787
24553818
24554925
24555557
24556752
24556840
24557344
24559080
24559413
24561962
24562533
24562536
24562540
24563125
24563136
24564675
24576406
24576639
24576681
24576790
24576878
24577242
24577376
24577394
24577892
24577906
24578230
24578320
24578412
24579137
24579959
24579989
24580471
24580766
24580803
24581001
24581236
24583115
24583797
24584877
24584931
24585042
24585333
24585334
24585399
24585400
24586847
24587529
24588031
24588380
24588454
24589317
24589322
24589522
24591637
24591638
24592236
24592289
24592985
24593192
24593627
24593916
24595910
24596367
24596979
24597133
24597191
24597558
24598011
24608852
24610533
24611536
24611628
24612190
24612318
24614343
24614384
24614409
24614555
24614799
24616656
24618228
24618379
24618946
24619213
24619262
24619399
24619634
24619769
24619772
24620428
24620438
24620441
24620840
24621149
24621928
24621974
24622323
24623868
24623923
24623950
24624502
24625148
24625955
24626385
24627501
24629767
24643077
24645310
24646138
24648461
24648535
24648536
24648584
24651107
24651387
24651414
24653027
24653397
24653951
24654000
24654115
24654118
24654231
24654297
24654854
24655048
24655663
24655669
24655946
24657517
24658867
24659872
24660148
24660693
24660943
24661267
24662229
24675651
24675816
24675858
24677299
24679765
24680047
24680300
24680301
24680302
24680376
24680382
24680799
24682860
24683035
24684018
24686287
24686426
24686938
24687034
24688346
24688494
24691147
24691398
24692104
24693458
24693734
24694184
24695189
24695562
24695698
24695997
24707805
24710101
24710298
24712021
24714119
24715858
24715868
24716845
24717666
24717667
24720890
24721622
24722658
24723427
24724196
24724322
24724643
24725527
24726718
24729485
24741025
24741932
24742185
24742190
24742367
24742396
24742951
24743009
24744752
24745113
24748644
24748649
24748678
24750641
24750905
24751572
24752313
24754194
24754702
24754765
24754797
24754963
24755390
24757291
24760672
24760726
24773848
24774224
24774432
24774568
24775102
24777979
24777980
24778949
24780844
24780952
24782361
24784184
24784845
24785232
24786671
24786675
24788466
24788779
24789578
24789685
24789686
24789689
24790152
24791425
24791482
24791547
24794520
24807571
24807854
24811894
24812126
24812222
24813832
24814925
24816362
24816369
24816382
24816383
24817678
24817762
24818198
24819355
24820396
24822184
24822188
24823327
24823393
24823396
24825647
24826070
24838410
24840393
24841691
24845290
24845517
24845529
24846050
24849992
24851977
24852592
24854410
24854959
24858099
24859811
24859897
24859927
24860561
24874771
24876090
24877205
24878322
24878358
24882156
24885926
24885939
24885956
24886909
24889469
24893003
24904429
24909353
24911010
24914846
24918048
24936761
24937865
24939958
24940423
24941550
24944511
24945266
24946558
24949939
24950007
24951213
24954643
24957971
24958507
24969725
24970084
24970152
24970188
24970230
24970311
24970945
24971341
24973015
24973100
24973350
24973939
24974360
24975009
24978108
24978628
24980525
24983874
24985324
24985935
24986977
24987362
24988522
24989379
24989954
24990131
24991609
25005788
25006753
25006877
25006880
25006923
25007652
25007656
25011444
25011732
25011800
25011897
25011898
25011907
25011911
25011912
25013625
25016004
25016169
25017967
25018379
25020934
25020935
25023126
25023364
25023365
25035915
25036397
25037065
25038264
25041864
25045069
25046242
25049284
25055556
25055783
25056325
25057053
25074885
25076407
25077688
25078176
25080268
25081614
25082623
25083723
25087898
25089791
25101603
25103621
25105525
25105526
25107405
25107504
25107505
25107965
25108144
25108205
25111321
25114021
25117165
25120259
25134199
25136949
25137827
25139021
25139023
25140567
25140569
25140570
25144965
25147818
25149661
25153108
25167877
25169122
25169495
25176315
25182319
25183285
25199151
25210204
25212259
25212572
25218865
25241245
25244014
25244055
25245148
25245297
25247673
25264835
25265921
25266659
25272412
25272431
25307029
25307030
25308751
25311109
25312618
25330968
25330969
25330972
25332364
25338600
25339262
25340027
25341846
25345482
25369691
25370261
25372156
25373599
25374305
25377694
25383544
25384706
25396653
25398517
25403181
25405110
25405378
25406019
25406614
25409364
25410291
25412922
25429652
25431579
25432875
25432901
25434871
25436900
25437641
25438149
25442095
25443928
25448002
25449451
25461750
25462370
25470843
25473249
25473602
25474066
25478276
25479041
25479204
25481024
25495867
25503295
25504443
25506045
25508575
25509864
25510925
25511349
25514536
25515434
25528058
25531968
25533247
25535219
25536165
25540575
25544327
25548247
25559282
25562791
25566862
25592664
25593259
25593953
25593954
25593965
25593969
25601706
25601708
25603275
25603286
25609323
25613632
25628699
25634752
25636702
25642059
25642347
25642442
25663542
25669220
25671273
25671277
25671280
25673478
25677034
25679185
25691144
25692093
25699615
25700506
25700589
25703300
25708665
25710169
25724518
25741504
25745231
25745234
25745235
25745236
25745238
25745240
25745263
25764492
25765333
25766588
25768477
25774248
25794034
25797524
25801232
25802429
25802435
25809574
25810296
25824051
25824642
25824933
25837175
25837249
25837251
25837253
25843033
25855461
25856210
25858527
25860298
25860930
25861049
25865977
25865979
25873435
25874191
25889409
25924024
25930023
25938638
25938639
25938715
25939034
25991623
25997380
26034324
26037615
26037680
26084522
26094614
26099409
26158667
26161617
26167600
26181984
26188132
26188134
26188136
26192063
26202345
26223452
26226031
26251727
26289117
26315891
26326812
26354572
26459588
26460080
26464378
26477597
26480119
26480571
26485196
26488732
26517037
26518642
26521934
26527397
26560324
26583186
26594880
26628377
26652992
26687231
26712163
26725490
26748200
26756232
26776417
26776946
26809869
26812370
26815953
26837862
26838603
26838886
26838902
26847074
26903345
26904498
26947077
26980138
27015336
27017711
27069046
27082035
27101707
27102477
27107582
27108260
27114447
27118061
27153965
27179022
27204655
27266260
27300197
27328702
27336749
27337802
27372133
27400698
27416271
27431129
27437367
27442198
27498711
27530649
27539709
27540547
27549820
27575708
27578042
27595081
27602218
27624887
27629624
27633100
27643927
27658352
27660173
27690202
27736536
27741662
27768719
27774019
27790937
27792299
27792926
27803807
27806724
27808732
27808889
27825240
27825245
27826684
27835068
27837852
27840086
27846837
27853308
27853445
27853738
27854583
27859454
27861257
27870359
27873228
27873260
27888580
27893602
27897207
27905842
27906754
27927931
27937664
27951188
27951989
27952176
27955259
27955909
27958695
27958925
27962115
27962933
27965500
27967332
27969888
27991186
27994534
27995286
28023293
28033123
28038641
28093546
28095166
28158422
28158470
28191749
28191750
28191751
28191752
28195854
28198944
28198945
28198946
28198950
28222776
28230713
28246864
28253085
28259195
28279802
28289216
28290204
28319965
28355051
28365215
28377351
28384848
28387921
28387929
28388155
28395101
28410427
28414045
28417056
28417365
28420114
28422670
28426080
28443416
28451632
28496589
28510304
28515846
28522453
28543275
28545840
28545841
28545842
28546268
28558866
28560137
28583541
28590875
28594314
28680987
28687396
28710524
28713040
28718236
28719033
28719333
28725033
28726435
28726595
28726736
28745046
28752639
28754313
28758957
28770483
28777674
28782278
28785783
28789087
28789477
28791621
28792664
28804626
28814345
28849337
28849447
28849706
28849957
28850109
28852001
28853804
28853942
28854194
28854270
28854325
28854797
28854883
28854893
28855023
28855327
28855559
28855620
28856065
28856117
28856120
28856186
28856191
28856278
28856296
28856297
28856412
28856813
28857092
28857093
28857590
28857628
28858248
28863505
28869662
28869841
28870229
28870648
28870898
28870935
28872204
28873446
28875503
28877637
28878922
28879244
28880162
28881293
28881516
28881705
28881708
28881765
28881813
28882242
28882357
28883005
28883323
28883613
28884149
28884371
28884372
28884440
28884583
28884821
28885067
28885130
28885670
28886021
28886242
28886304
28902363
28902406
28902409
28902437
28902493
28902568
28902581
28902647
28902648
28902692
28902714
28903201
28903388
28903473
28903474
28903538
28903578
28903798
28903824
28903829
28903875
28904014
28904200
28904289
28904346
28904358
28905293
28905313
28905467
28905474
28906809
28907859
28908980
28909077
28909246
28909352
28909358
28909981
28909986
28910340
28910538
28911111
28918178
28918180
28918855
28918858
28918872
28918915
28919629
28919908
28921160
28921164
28922563
28922591
28922831
28923295
28923425
28923489
28923504
28934767
28934944
28934989
28935027
28935480
28935488
28936304
28936594
28938156
28940450
28941547
28942852
28946614
28946709
28947006
28948283
28949741
28949866
28949871
28951029
28951352
28952584
28952964
28953962
28954485
28955602
28956200
28956237
28968041
28969155
28971931
28973198
28973914
28974352
28977575
28978029
28978405
28978987
28979251
28979304
28979589
28980237
28983134
28984348
28984448
28984668
28986094
28987566
29002192
29003853
29004926
29009476
29009524
29013349
29013637
29014127
29015466
29015837
29016629
29021054
29036078
29039077
29039891
29043814
29047029
29051988
29066523
29068023
29069847
29081655
29081764
29082586
29101693
29102533
29104355
29106859
29114817
29117633
29118913
29132416
29133464
29139141
29142204
29148923
29169426
29197475
29206629
29234449
29240065
29245312
29247465
29250830
29272624
29336487
29344795
29347609
29360262
29361578
29402223
29427859
29472515
29576404
29599531
29793184
29828698
29860627
29897908
29903645
29962286
30004381
30029108
30232136
30314679
30488868
30620579
30856829
30878106
31053522
31147582
31249803
31342172
31370340
31506354
31544721
31603853
31609199
31640882
31705073
31855870
31903567
31952200
31969606
31970311
31986176
31993963
32055856
32061735
32062319
32067778
32129737
32189108
32199746
32255236
32257368
32259320
32286227
32319633
32387483
32388718
32443547
32449786
32579828
32779666
32914483
33040585
33043351
33084352
33111563
33111834
33145015
33168502
33179289
33197599
33239555
33245936
33261663
33262967
33307490
33327936
33334216
33341202
33392953
33396340
33429550
33435431
33435455
33435459
33442155
33444895
33470826
33490832
33490869
33490897
33490947
33491115
33491117
33491128
33491419
33491420
33491421
33491423
33491428
33491431
33491440
33491442
33491447
33491453
33491593
33491699
33491890
33491916
33491930
33491975
33491981
33491982
33492007
33492008
33492009
33492013
33492023
33492031
33492044
33492049
33492070
33492090
33492099
33492112
33492115
33492117
33492237
33523218
33534958
33537821
33624313
33655709
33688813
33794746
33833922
33865725
33927923
33928509
34018698
34033938
34060439
34065352
34080020
34182319
34230215
34249995
34424063
34479036
34583144
34583149
34583957
34808101
35262243
35309427
35309846
35340739
35364159
35639889
35722187
35835430
36123093
36246485
36619346
36820791
36881158
37049452
37142950
37522371
37750885
37798707
38429418
38522781
39019559
39964054
39965368
40021975
40346285
40403236
40407227
40415055
40435825
40483206
40486934
40515762
40521390
40547636
40547638
40551419
40605258
40640241
40643222
40647670
40647671
40648508
40666665
40684324
40704678
40715858
40766209
40766252
40902394
40942680
40960030
41033595
41060122
41107896
41919917
42782293
43077929
43161073
43206148
43459530
43747234
44205280
44765530
45087654
45658960
45788532
46195803
46202897
46735705
46973849
47107306
47201304
47233010
47261122
47327697
47748685
47763773
48083160
48353174
48544786
48545740
48735992
48735994
48806254
48833274
49223752
49452297
49452350
49452871
49581672
49678845
49924417
50358330
50410132
50478342
51085877
51378616
51462173
51488415
51490649
51491288
51611833
51613589
51613590
51613604
51618436
51621474
51621762
51687510
51762955
51777081
51809224
51810350
51810473
51810474
51810477
51810479
51810481
51813928
51838954
52022483
52022488
52022489
52022490
52072891
52119190
52312871
52408533
52510219
52525139
52658645
52671624
52757904
52757906
52757907
52790936
52797206
52802419
52821510
52822606
52830822
52881719
52892133
52958236
52965960
52971138
52972411
52974878
