34424063
148734
410882
17664
279812
115978
17677
17678
17679
13944080
17681
83218
17682
247060
17688
17689
17690
24495388
28886304
17696

17699
17700
50472
83248
17719
25412922
148796
17729
148806
17735
14337357
148821
13878614
312662
279899
28984668
476510
247136
24986977
17760

17765
181610
25642347
50540
17773
17776
24495475
17779
83321
13944185
17787
17788
17789
17785
17794
17796
11224454
24692104
17800
17806

17810
17811
476565
27575708
27837852
17822
24429987
17828
17834
17835
83372
17837
25511349
17854
83392
17861
17865
25642442
50635
17870

17876
17878
148950
13944281
17882
83423
13944287
148959
17895
50668
378361
50683
24593916
148992
83457
14370307
43206148
149001
17934
17935

83472
17937
28558866
13944337
50718
24823327
17953
17954
50721
17956
17957
378408
378409
17963
28853804
17968
280113
17970
13846067
17973

17974
17976
50745
17978
509499
17977
31147582
50751
17982
17985
13387326
17987
50756
312899
17992
17998
18001
18002
40715858
116309

18007
18008
18012
28395101
24823393
18019
24823396
18023
18025
312937
50796
18032
149108
345719
181880
18042
18043
116346
18046
50816

411265
116353
50819
18048
149123
345730
18055
18056
83593
25544327
50825
18060
13780621
116366
18063
18064
13911696
18067
18070
33179289

18074
50843
83617
26527397
50853
18087
18088
18089
83625
411311
18099
476851
149173
28853942
12895931
18112
18121
13878986
50893
12207823

18128
18130
24463058
18132
50899
83670
18140
509660
18142
18141
24463071
24987362
18149
83686
50919
18159
18160
50930
247544
18169

14305018
29148923
18172
18181
18183
50955
50958
18191
18190
24954643
149270
280343
18202
83746
18214
18216
18217
13813548
18222
18224

50993
50996
18229
18230
18231
149306
378684
18239
149312
18241
26560324
18251
28919629
18257
18260
83801
51034
18272
51041
18275

247653
83814
18279
18281
18283
116589
35309427
18295
18299
51068
51071
25479041
18306
116613
18309
51079
18311
24496010
18315
18314

18317
18318
18319
13125524
18326
51094
51099
18332
51101
24430494
83871
24659872
51106
509859
18340
18341
51109
411560
280491
116653

149423
116656
13977521
28854194
14305203
83892
18359
83896
18361
51129
83898
83897
51131
18366
18368
313281
18373
83910
24430534
18377

18382
18384
83921
18387
51161
18394
18396
18398
51168
477154
51174
51177
24496106
378858
280558
411632
31705073
18423
247799
51193

51195
83963
28854270
13846528
83970
83972
280581
28952584
116750
18451
40486934
24725527
83990
18461
28198944
28198945
18466
28198946
25479204
18465

28198950
18470
18472
18473
18474
18475
18469
18468
28854325
18489
18490
14370875
116801
18497
18498
116809
18507
313422
378969
18525

18526
313437
14305377
84065
28919908
18536
149616
18546
18547
84084
18552
25708665
18554
84090
18557
24889469
18561
18562
13879426
18571

84108
51341
18577
84114
182419
280722
182423
18588
149665
18595
182435
18598
280743
25774248
477354
477355
280749
280750
116909
18611

24660148
84153
51385
280765
51391
25741504
84164
116932
18630
18631
18633
18636
18638
18642
215256
18658
18664
18667
18671
182514

116986
18686
18688
18689
477443
346375
149772
117005
346383
117009
149781
35309846
313626
18718
510242
18726
24561962
24430891
24627501
26167600

11225394
18740
18742
18743
18746
24430911
313664
49924417
84288
18757
411974
18759
18761
215370
18765
18766
51535
84306
28789087
27969888

13912417
346469
84327
51560
18792
18795
18796
33442155
51567
18802
18808
51578
215420
18813
24791425
18819
28952964
18829
18830
18831

18833
18834
18838
510365
117152
18851
248233
18857
18859
18865
444853
12962230
248248
18874
24791482
149953
18895
117199
51666
18900

18901
18902
14010839
281049
18908
18911
117216
18912
18914
18915
18916
18920
51689
117227
412140
27118061
18925
18927
84464
13879794

18933
51704
84474
18939
24791547
281085
18938
24496645
25020934
25020935
18951
51723
28854797
215570
18963
18962
18964
18967
215576
18971

84509
18974
18979
150057
11225642
18987
18989
182832
248368
84530
18998
51767
19000
19001
248378
13814333
24496701
19007
19009
19010

51782
51783
19014
19017
19018
19019
24496717
51791
19024
51793
51799
19035
19039
51811
28854883
248423
28854893
150129
51826
19057

19060
19063
19064
13814396
51843
215685
19082
84620
51853
477838
19087
346769
19091
150168
19097
346779
182939
19110
19111
51880

19115
117422
19118
13879986
19129
19143
19145
51917
25938638
25938639
19152
51921
24693458
24660693
19162
28789477
28986094
51951
117488
13978352

183022
28855023
19188
19189
33245936
51959
51960
84729
51961
51954
19200
13912834
19208
28560137
477962
19209
51980
14011146
510733
51983

51985
117523
51988
117526
19225
25938715
29903645
19231
84772
40684324
52008
19241
19242
52011
19244
478000
19249
19250
19254
19259

478014
52038
19274
84820
19285
84823
19289
248668
19292
19294
24562533
19302
19304
24562536
24988522
19308
52076
24562540
84847
84849

19318
19320
19322
84860
52093
19325
19327
27937664
84861
52096
215939
19328
19333
281477
19337
19342
19349
510869
19352
117668

19367
84903
19368
19373
347056
117689
19392
117699
19399
84936
34065352
314317
24660943
19409
19410
19426
24693734
19434
347116
13880303

248817
19443
150516
84981
150517
13880307
19448
13880313
19445
19451
27806724
19461
84998
183311
85009
25873435
19485
19486
28855327
183328

19490
216104
445482
445483
19503
19505
19511
19512
19514
19517
27774019
216132
52299
19537
314450
19538
29051988
25939034
19549
85086

19555
19556
19561
52332
314481
26725490
183409
19574
52347
19584
19586
19587
52354
19590
347271
478345
19600
24497297
19603
150676

19606
52378
14306459
52383
52390
52391
52394
19627
19626
19632
19633
19634
19637
281782
19640
478396
24726718
29117633
52420
85190

52022483
29576404
52022488
52022489
52022490
85208
445660
19677
19678
314589
52454
19688
47107306
25677034
380143
52465
85237
19704
216315
118012

19711
118015
52482
52486
28855559
52491
52492
13847820
85264
52497
19730
19731
24661267
19733
380183
85272
13782296
19741
19743
118047

19745
118050
19749
19753
85293
19759
31640882
19763
19769
150842
52541
24464704
281921
19778
19776
28855620
52550
28921160
52553
19787

28921164
52558
19800
19802
19803
19814
150888
28953962
52588
24530285
19822
85359
26037615
216430
19826
52603
52610
281988
183690
380301

19857
216465
118166
39964054
24694184
13782446
26037680
19889
19890
24563125
19900
24563136
19904
19906
118208
24595910
19910
52685
19920
19923

52694
19928
19929
314843
52700
27741662
19935
85470
19944
19946
118251
52723
24858099
216566
216569
19963
19965
19966
19968
24497665

24399362
25120259
118275
19973
19975
19977
52749
118285
13782545
19985
14372371
85522
14306839
19994
19996
24399389
347678
52770
118307
35835430

20010
85547
52778
216621
20014
52784
216632
20027
20029
26594880
20033
25448002
13946435
216644
20036
52805
446023
30232136
20043
20045

20048
20049
20051
25153108
42782293
27840086
249432
25710169
20058
14011998
20063
282210
52836
249446
20071
347752
20078
20079
151152
20083

20086
85624
20090
85628
14306950
24530571
118412
20113
20117
85660
216734
20130
52900
52901
85678
40521390
52917
52918
52920
20153

27578042
20158
347839
20163
24989379
20166
20172
13061837
20174
20175
478925
14012114
13946581
118486
20181
14012120
20184
478944
20195
184038

20199
20202
151274
52973
20206
20207
20208
20209
85747
20212
20211
20214
413430
52984
20216
20219
28856065
85763
20227
20229

20230
20236
14372621
25874191
118543
53012
29347609
53023
184104
28725033
24497961
479020
24825647
53039
25218865
27905842
413491
151348
413489
28856117

28856120
20281
20282
85820
85821
20285
85824
25481024
53065
20299
53068
249677
31903567
20304
20306
53074
20308
20313
20314
413530

53082
53085
85854
184154
53088
85860
85861
20326
85862
118632
20337
20338
20339
53105
28954485
85881
28856186
13881209
118650
151418

28856191
53119
20353
118659
151429
20357
151432
20361
20362
20364
24596367
20370
446355
85908
48353174
511896
20377
25087898
24399770
38522781

20382
20383
282527
184226
14372774
217000
53163
118701
20401
20403
85939
249782
348087
20408
14307257
53182
20416
53188
118725
118726

20423
34230215
20422
20420
27873228
53197
20432
20433
85970
20437
28856278
13979610
20442
53213
118749
151517
20448
249825
53217
20456

28856297
28856296
27873260
20471
20475
20483
282630
53255
20487
20490
184338
20498
27643927
20504
20507
53277
13815842
53282
20517
20521

20522
118831
20530
53300
446517
53305
53306
20542
53315
53320
53325
53329
86097
20561
20566
151640
28856412
20573
20574
20576

118880
381024
86118
217191
184428
20594
86138
20606
381056
53381
20614
53383
20616
217225
28594314
20620
20621
20625
20627
20629

20631
118947
86187
14340268
20653
86189
28987566
20660
151735
544953
20668
20669
13979839
20674
32067778
20681
20682
20689
53457
24662229

217301
24826070
413919
24465633
20706
53474
53476
53475
53478
20709
53480
26202345
86250
20707
20711
20713
20712
20719
348399
20722

119031
119032
86267
20731
20732
20734
14307584
24989954
250116
479497
86283
20751
20753
34033938
184599
26628377
43077929
20777
53549
20790

414010
14373178
47763773
86336
13816131
25055556
20804
31969606
13816133
315723
20815
20817
20820
184663
20825
20826
119130
184668
20828
20830

53599
24760672
86369
20837
20838
20841
20843
13816173
53613
20847
31609199
20846
315775
53631
250253
24695189
24760726
283029
250263
53661

20893
28365215
20894
20897
13816226
13816227
119206
53671
151977
119211
119212
20910
86447
119214
24465842
24990131
20915
250291
86459
29118913

20930
20931
20937
152009
53710
20944
20945
86480
283088
184789
14340565
217559
13914588
184801
20962
20970
20972
28856813
20975
24596979

12243445
86517
53751
20987
119292
86526
152063
53760
20993
20990
250367
119303
24629767
21008
21012
21013
24465942
21016
12866072
21022

53793
21025
21026
21030
25055783
25514536
250408
21032
21035
86570
53811
86580
21046
53817
21051
21052
21063
53831
12341840
21073

35639889
21075
53849
53850
21086
53855
21089
21093
21094
24466023
53866
21104
86640
21106
250486
152183
53880
25383544
86651
21122

24498820
21128
86665
24597133
21136
21137
21140
25023126
12243607
53912
53911
21146
21149
53920
25809574
21159
53931
152244
283316
39965368

21182
53951
21184
53953
27906754
21187
28922563
53955
21189
479942
21188
21192
53961
53958
24597191
53964
21197
28496589
21199
21193

381651
21211
119517
21214
28922591
152286
283363
447204
21226
21227
21228
21233
86775
86778
21243
21246
21248
21251
28857092
28857093

21254
21255
24695562
54028
119570
21271
21272
54041
86809
21274
21276
54044
54046
54045
13882144
24400672
21277
119580
447275
283435

21292
21300
21301
54070
54078
447296
348992
250688
21315
28791621
21318
152390
54089
54091
185165
21327
21328
21329
119633
381779

119636
119643
316252
152414
21343
283487
86880
21346
86890
316268
480113
21364
152437
21370
13816698
21372
29021054
21375
283523
54148

25023364
25023365
86919
21380
217995
21390
24695698
119699
13882261
86936
13128606
152479
86947
21411
14308262
185254
24466343
218025
86955
28758957

21424
21427
21436
21438
21439
33084352
13783999
480194
24564675
21440
21442
185281
21454
28922831
28955602
21462
21463
21466
27808732
21469

87004
447455
54240
21473
21474
21477
21478
24466407
54248
21480
25449451
21486
218095
21488
316409
14013440
54276
87044
31970311
21512

152583
21514
21515
87052
87055
24957971
283668
21523
21526
218136
54301
414750
33444895
21538
14373926
12244018
24597558
21560
21563
87104

21569
32199746
21573
25056325
87124
316501
54359
21594
349279
21605
218214
119915
37049452
24499312
14374001
414834
27808889
21628
21632
119946

283790
21651
21652
218260
21657
21659
316571
30004381
545953
28726435
24859811
21671
185511
21673
54447
21680
21681
54450
21683
54454

13915322
24695997
349376
21697
349377
120003
54468
87237
87239
120007
54476
21712
21715
21723
21724
120028
185578
54512
21744
120053

28857590
414968
24859897
21754
54524
21756
14341372
120064
185601
13882631
54537
251145
21772
29250830
152847
21777
21779
54551
24859927
54555

28857628
87324
21790
120097
21794
21795
251175
87346
54580
120125
54589
87359
25613632
546113
54594
21826
21828
546116
28726595
21829

87368
152905
152907
316748
21837
120144
25679185
13948242
21842
87380
218453
21845
87383
316760
25843033
152924
21853
87390
21856
87396

87397
21863
21864
415081
21866
21865
54642
87415
25810296
21893
54662
21894
31249803
21900
87437
185742
21903
31544721
24466836
54679

24794520
28923295
21927
25515434
21931
21930
185775
316849
21938
54710
54714
87499
120268
218573
28726736
21971
21974
25548247
87510
21983

28038641
447988
54774
22009
24598011
54781
22020
22021
87556
54791
22024
120329
22034
22035
87570
22038
22040
54808
448033
28923425

24434212
22053
22052
185894
28956200
120362
22059
218666
27153965
120365
22063
24958507
546353
22066
22074
22077
382526
12473917
54852
54857

22090
24893003
28956237
251474
54866
218707
251480
54876
28923489
24467041
22115
14374503
54888
120424
22122
22124
28923504
22129
120440
22140

30856829
22156
87694
87696
24532626
22162
24532627
218773
22169
54946
22179
54948
22180
12932773
218789
54951
22186
22187
22188
22193

218804
22196
54971
415424
14309057
54978
54980
22214
54983
13883080
22217
153286
24467142
54988
87754
22222
27416271
87760
87762
31053522

22233
55001
55007
87779
186093
22254
87792
22258
22259
120571
22269
153342
25089791
25384706
87810
87812
513797
22274
481033
546578

22291
22293
22294
22295
55064
87833
22297
25057053
87840
22304
284448
120615
22311
120616
22314
22317
36820791
55097
87866
481082

87871
22338
22340
22345
87881
25745231
153423
25745234
25745235
87892
25745236
25745238
24434519
25745240
22358
24500060
22364
218975
87907
22373

120686
25745263
22386
120691
22390
22391
120696
24991609
317314
14374787
28858248
87946
13850507
120716
24729485
120719
251792
24860561
87956
120729

55195
87963
22432
24762278
25253805
55218
55228
22466
22477
22482
153554
120788
88022
25876439
25778135
219100
415711
22496
88035
22500

22501
22503
22506
13391853
55285
120821
13916160
88067
22532
317449
284682
13916171
13916172
22541
13916175
13916176
13981713
22551
22557
22559

24991777
55331
55335
55337
514091
88108
120880
88112
55344
88118
120889
14374969
22590
153667
22597
22599
22601
22602
22604
14014541

22605
22609
24533077
22617
28858459
88158
22624
29284453
88180
88184
186490
120955
153728
153729
13555844
22665
55437
22673
25352342
22681

27449498
22686
120991
22687
13228195
55462
25254055
55466
55467
22701
24598703
383153
88242
252083
153788
415933
22727
22732
13981902
121040

153810
13949139
13949142
88278
13785302
22751
55521
28924132
55524
25319658
153835
55535
121074
88309
14342390
22774
22776
88318
14145795
22796

24631564
55572
22806
22808
22809
22813
28072222
481565
25286945
28072226
88355
317733
55590
25024809
25024811
55596
36165933
88365
514348
24795440

121140
186677
24598838
24959289
219450
22843
30169410
13949253
22859
186702
22871
22873
55641
22875
22878
186719
55650
24467812
22885
55654

55653
28858726
186734
22898
22901
219510
153975
88439
219511
219514
22907
219521
25778564
481677
22931
22936
121242
55711
55715
22948

55717
22953
48945577
13326766
88506
22970
24467901
22978
22979
22981
186821
55754
55755
22986
13785550
22992
317907
154070
22999
23001

32430554
55770
448989
23006
55773
121312
23009
34232802
55776
23012
23013
55787
23020
25090551
23032
23033
121338
23035
219642
23037

219645
23040
23044
23046
25287176
23051
55824
121362
13883926
55832
23065
88600
317982
23073
24500775
23080
26696232
88622
23092
23094

121398
28269112
88633
23098
51468866
55874
24861257
55884
35510861
55887
26040916
23127
23128
23129
24959576
350807
88670
23138
55909
383590

88685
219771
23168
23169
88708
55945
24435337
24992399
121493
121496
88732
23199
219808
23203
23207
36002472
23214
25090735
28924590
187057

383664
13916850
23222
23223
121540
88774
56011
56012
13785805
23245
23247
24468178
88787
56021
23256
25025241
285401
28269277
23261
56031

24435426
449254
285416
56042
482026
219887
25189105
383730
14375671
56060
88830
23295
23298
121605
252677
12704521
25746189
23310
23312
56083

23315
23317
23319
449305
23322
24468251
23329
56097
23331
154404
13851432
23340
23342
121648
285488
154416
23349
23351
318264
252728

28859196
24730430
219968
56132
285511
23368
56138
121676
88909
33250126
318288
23380
88917
56152
285530
23387
56159
23399
23408
121718

23416
187261
88965
23433
24927115
24730509
56208
56212
23447
121754
88996
56228
449448
23469
26762164
28269496
24435644
56254
252863
56256

23487
31906755
23498
154573
23501
25484240
23505
23509
56277
23510
482265
252890
23516
23517
154591
56288
25189351
23530
23536
14015472

252914
28859380
25025524
24566777
23545
383996
23552
14310401
23556
220172
56332
25123863
220188
23590
23591
23592
23594
23601
14015540
23606

56374
121913
89145
89149
23613
89152
220224
23619
252995
187461
23627
449612
56395
24435790
89168
121936
23633
23634
24829008
23635

24468560
56405
384087
24599640
154711
482397
89182
24435807
416864
28859490
23652
23654
23659
23660
285809
56433
285811
23667
23670
23672

23677
384126
56450
253059
56455
56456
23689
23696
89233
56467
25648283
25681055
31480992
285858
154789
51698862
25255087
29023406
89262
27352240

23735
89287
27942093
23758
351443
14015701
122069
122073
23770
89307
56540
23774
23775
24861918
56546
482531
56548
220388
318701
122094

23793
417016
89344
89345
122115
285957
23816
28925196
89357
29056270
122125
23825
24960280
89368
89369
351513
89371
154909
24599836
52157727

56613
29056295
23849
56622
122158
23860
25025850
122170
24698172
23870
23875
515403
417100
23885
23886
23887
24698191
23889
23890
24927570

220500
89428
28269913
23897
13753694
24599903
56672
220512
28433780
187766
56696
417152
26172800
23938
56704
23940
23941
23939
28859783
23944

89487
33250709
40295835
155056
318897
24436146
23992
42130875
253375
122306
187844
56774
24008
24016
89553
318933
318934
89559
318935
89562

56795
56798
318942
56801
187873
24035
155109
89574
318953
89582
122352
24053
56822
56823
122361
24060
89597
24064
24066
286210

26205707
24079
24080
24086
89624
115508
24097
89635
89636
89643
24108
89646
56883
24501817
24501818
31907387
28696124
122429
56900
24132

25255493
155208
24137
155210
89675
24895054
450134
28597847
56924
24159
417380
43802214
319079
26533483
351853
24175
13885041
24403569
56948
13983349

122486
351863
220790
24731260
89725
24403590
122503
35643016
25124489
25124492
89741
351885
351887
155286
56985
89756
89757
56990
56992
122536

122540
25288365
286386
57010
450228
13950644
24250
89787
89788
89789
57022
89799
29253319
220875
515788
188111
24272
24273
253651
24567507

122582
89816
24567513
24534749
24796894
220895
24285
25124577
24290
24291
24293
13852396
57070
39902961
57079
24312
24313
25026298
24315
24436472

89853
28860161
89857
25026310
188171
25026324
24341
24343
319255
13819672
24665884
24352
57120
24354
25091874
24361
31711017
24928042
352042
24371

24373
24376
24378
24469306
24382
24383
220993
57158
24391
24397
57169
24731478
57183
89957
384869
24429
57197
57204
89974
89975

24446
155519
25452415
221061
24457
89999
90000
13819794
24469
57237
352159
14376866
13983651
29024172
24495
24501
24502
24503
90041
122811

24508
483264
155586
24519
24520
57287
24523
90059
90060
24529
516050
90066
24532
57303
24536
24539
24469480
483307
57323
24558

24566
14311415
253943
40722427
24571
24575
24577
24578
28532741
90121
90124
24588
90125
24591
57360
24596
90134
25026584
14376985
155673

90141
24612
13951017
450604
24625
155699
90165
27549756
24731712
385089
24666179
24647
28860488
28991562
28860492
24654
57427
24660
29286488
286811

24469595
57437
254045
24469599
24672
24673
24502370
122979
319588
90213
122988
24469614
24689
122996
31121524
14311542
57462
57465
28729465
24666237

24701
57469
24633469
24708
352399
221330
57493
221336
24895640
33087642
57502
24797345
24739
155812
221359
90287
25321650
24759
24469690
24763

24762
286909
24469694
24766
14016706
24771
24776
24779
24781
57551
24785
24787
24789
14377175
57559
24793
24792
57560
57568
24804

24699108
24806
24807
14377191
24404204
123126
188665
24826
57595
286973
24831
352515
24837
24838
24840
24843
90381
24847
24764687
123152

24849
57617
24852
57624
24666399
24666401
24870
24874
24568111
24568116
221492
24893
35742015
24897
90440
123209
13820236
24908
24910
24912

123221
123222
483671
24927
90465
24932
28860775
90471
90472
24938
90479
57714
352631
90494
24960
13885824
13918597
24968
123274
24976

24982
123290
221596
221599
221600
13984159
123301
57766
25007
57775
57777
57778
32694708
156087
57784
352696
123322
451003
24633787
25020

25023
90562
25026
31023556
57797
25031
90567
25037
57806
90573
123345
483797
25048
25052
25053
13787614
29450722
25058
123365
25063

221672
123368
123370
57840
188920
254460
57853
57856
418308
188932
451078
57868
90646
25111
24764952
25113
24470041
25092639
25119
25126

123431
57899
25092654
25092655
25092656
29090353
25154
57923
57925
25092678
156229
516680
90697
156238
90704
90706
320083
25173
57942
25177

25180
25182
25183
24666721
25190
25191
25194
156273
25204
25205
57972
25214
24470149
90766
90768
29057683
25235
25240
13787802
24470173

90786
25251
90792
58024
123563
25260
287404
25262
58028
352944
287410
25268
25269
25270
58039
58040
24699577
58042
516796
287425

123587
90833
123603
25518805
484057
25322203
287460
156389
156390
25321
25158383
25327
25329
25331
25158391
90871
549624
24863488
25344
385796

26075913
25354
13787914
287500
123662
13853455
25360
13394709
58134
14377763
353060
189222
189223
14312232
90921
418601
451373
24732462
25395
418612

28042038
25401
25402
25027397
25413
25423
25424
25426
25427
58196
25486165
25430
58198
123735
13394788
90982
549734
90983
123755
516976

254835
25460
90999
91000
25465
549756
58246
24765324
29025165
287631
25488
24765329
156562
28337041
25492
123801
24470429
25509
25512
156588

189359
25521
287665
58290
27812788
58298
25532
58300
25533
25537
91073
25542
28500935
25550
25552
123858
156627
29189085
24765409
353252

549860
25576
451563
25289710
123888
353274
254971
25596
353277
25597
58367
91137
189444
123908
189448
25609
25256968
25256969
25256971
34038797

25615
25616
25388050
25622
25626
91180
58413
25646
58418
58419
14017589
13788214
25655
25654
58425
189499
156735
123972
123979
25679

58448
58451
123988
24437847
123993
24634458
25692
25693
24437858
189539
58469
353387
25708
24798317
156781
25711
24700013
25713
25714
25715

517240
24568953
25722
25720
25723
189566
91263
25730
25734
25737
48358540
58515
25753
25754
25756
58530
25766
24568999
287910
353452

25786
156859
58558
24569026
13886659
91330
14345418
189644
58573
25806
386256
222416
25815
25816
24929497
124123
91356
24569056
58598
24470759

25833
25834
25837
222448
25842
26895603
58610
484597
25853
28861694
13821185
25857
25860
25861
124169
58634
58633
24667406
58639
288015

25871
255254
484631
156952
25880
24470813
24569122
13952292
25892
288040
24732973
24438069
451895
91449
25914
25917
25918
25921
451908
25931

157014
157015
58714
24438110
58719
25954
419171
25958
25683305
124268
25966
320878
386417
25970
32105843
24896885
189815
124280
124281
24765820

24765821
255358
25982
28861832
25996
24470935
26008
353695
58786
58788
26023
26025
13952425
13821353
419244
386478
26034
58802
38069685
26038

157112
157113
452025
124347
58812
26064
26066
91606
26085
26087
26091
484848
124402
13755892
26107
91646
222721
26115
91655
28861960

26119
124427
24700430
26135
58912
222756
24536612
13887018
255533
29189680
27813427
157236
58933
157238
157241
321083
58945
58946
26182
58953

26192
26197
26198
26199
25618006
24405596
26208
26209
26213
157285
26218
26219
29058669
26222
26233
25290362
25290364
91779
26245
24864389

26249
26253
13854349
26255
59024
24635044
26283
26285
13952685
59058
24471220
26292
26296
24471226
59069
91841
35940036
25585348
26315
26316

26317
91851
29484748
28862160
28862161
26319
13985489
26321
26318
24471245
26329
12183258
25585376
25585378
26339
26346
24471281
26354
26359
26361

12183291
59134
26367
321281
13461250
26372
59140
485127
12183304
24405776
255762
26386
26388
91924
26389
59163
26396
13985566
24471327
26408

26414
24569646
26419
59187
27682614
59191
26424
27682615
26434
13821766
59207
26442
26443
59213
255823
517972
26454
26455
26456
26457

419674
25421655
354139
24471392
26467
59235
13821798
26471
59240
31942512
26480
26484
28862324
26489
92029
24962945
26500
26503
26504
31713160

26511
59290
26525
386980
29779876
92070
24471462
157608
26536
12937130
59307
27387824
24438709
26550
190391
26552
25159608
26553
59321
550844

26562
26563
28862408
13920201
26570
26571
59342
59346
26581
26582
26583
26585
157658
452576
26593
92130
13953002
24569834
26603
59375

26609
59380
13920247
26615
26627
157702
26632
26732552
92168
256012
92173
92177
33351699
13953047
26404898
59426
26660
223270
92199
26662

26666
26667
26669
26670
26671
26672
124980
157748
157750
157751
26679
321593
28928057
26681
13953086
26688
124997
26694
26695
288839

26697
321610
92232
26698
26706
59480
26713
26716
26717
26718
190556
26728
26729
29026411
26731
92270
190575
26736
26737
485491

157812
26741
28862585
26746
354431
125061
125062
125067
59532
24995982
26770
59539
26772
26774
29911190
26778
59549
59553
26785
27060392

26795
26798
13985966
24602801
26804
27355316
24602804
25159864
26810
26811
26813
26814
223423
26823
125134
157907
26836
125141
13920472
59624

190697
92394
26860
14018797
26863
26865
14149880
321784
321789
26470654
125184
26882
26885
24471814
223493
59663
59664
92442
125210
125212

29026592
223523
26918
26919
26926
125231
29288750
26928
125236
125239
125241
92479
125252
14379332
26954
26957
190800
26960
26962
26963

24471888
289110
59735
92503
289113
158042
26966
25258335
26982
26984
387435
158059
25389424
26995
24635768
13887865
27009
27011
27014
27016

46262670
158095
125331
27035
92578
27043
27045
27047
13953448
223662
223663
59822
92594
223667
92596
27058
59840
223684
92626
24996312

420315
27101
92637
24537567
24865252
125413
27110
28862951
27112
59885
27124
27128
27131
27132
59899
125439
92677
27146
27149
158227

24472085
59932
125469
59935
223779
92709
322086
125477
125480
125479
125482
158250
25553451
27181
59950
27183
27184
27182
27179
27190

24603198
27198
27201
59974
24799815
27210
27814476
27212
92752
27217
28863058
485970
92769
551525
27243
322159
158326
51735159
28273270
27028091

420476
60029
125567
27274
27277
27281
27283
420499
27286
26700440
24767129
158362
27288
27293
191133
27297
453282
27300
27307
27311

27313
27317
27320
25389756
27327
60102
60105
125643
27342
27344
27345
27346
27347
60116
60115
191190
60113
25389786
24636123
92892

223965
14019302
256746
223979
92914
27382
13953788
27391
322306
24472323
92932
224005
355083
125707
27406
27407
289551
518926
27409
12643094

27415
27416
27420
27423
26471199
453412
27432
27443
191287
125760
24963906
486210
92996
13790033
125777
28404567
24963932
24963934
27490
289638

25324402
27507
25324404
191349
420724
27515
158588
93053
93056
27522
28666765
256910
27534
289682
27541
60315
13888412
27548
27550
25881504

27552
27555
27558
25848744
60329
27560
224172
60335
93106
60341
60344
125881
25357244
27581
24472509
24472517
27607
60382
125921
26536931

60396
24603629
453613
28437486
60406
24603639
93175
289792
27654
60423
125960
158729
60424
27660
24931345
27666
27667
27668
289813
27670

27671
125978
27675
257053
355357
191519
27677
355364
27685
27686
24669221
257070
519216
33090611
28372019
27703
27705
27708
60478
93246

60480
93252
60488
27722
24472654
60495
93263
27733
27734
257114
27741
224352
420960
420961
27747
93285
27749
24964199
224359
60524

27757
27763
60533
27770
24538235
93312
27776
24472705
27781
27783
93322
28896399
60561
60563
191636
24407190
27801
60573
289953
27811

24964260
60580
28929190
60583
191656
60587
12741806
31943857
25914551
27831
27836
421054
27840
191682
60612
191684
27844
60614
60619
60621

27854
60623
27856
60624
60625
24603861
24440024
27866
14019806
60639
453856
421087
13987043
27881
28863723
27884
27883
27887
60655
27892

24931572
27894
30731523
60677
60679
322832
158993
49245461
25423132
24636703
27936
60709
27944
27947
27948
27950
13036847
27953
27956
388405

27913526
52784440
27963
60739
126276
27976
224584
14347598
27946319
14347601
14019923
27991
27994
50359642
191837
388447
290147
60777
24538479
24538480

28017
60789
24767862
257402
28032
25226626
28036
28040
28044
290191
24472980
290198
257431
322968
159136
27127202
13823396
191917
93616
28083

93627
25357758
25357761
25357762
28103
29289930
28107
28120
24538586
28123
28124
27979232
60907
25488878
93681
28148
33091062
93686
93689
28154

28306939
28158
27815432
28168
28170
388619
25030155
388622
388623
28177
27454994
28179
486932
25816600
28184
24636952
388636
388642
60965
192040

93737
60971
28206
33091122
28210
355893
13921850
28219
28218
28220
224832
28228
28230
24407623
28238
28246
28247
13987418
28254
28255

28259
61030
24669800
290410
28268
24538734
13790834
61045
93813
28277
28278
61051
192125
28287
28288
93827
552579
28864134
24440455
24768144

192146
28308
355991
25489051
33091227
28317
28318
28319
519843
28995237
28325
28328
51179179
24538796
192171
28339
24440504
552634
28349
126661

28358
28360
33091274
28363
61130
28365
28367
33091297
192227
28389
61162
28395
13790959
356081
28403
28404
290549
42004219
24604412
61179

388863
24473347
28420
33091333
257799
225034
33091338
126732
33091341
28428
28427
31846160
28434
93972
24440600
192282
28443
28444
25423649
33091362

487203
28449
28458
192299
28460
28461
93997
28463
257838
28465
24833840
94005
225080
94010
33091388
33091389
61246
28476
28482
126786

454468
33091402
61258
28490
94029
24440654
28495
61264
28497
126803
33091412
28501
94038
24407895
126806
356184
28506
28507
33091418
126813

28864350
28510
94047
28514
14315367
33091438
28528
61296
388979
28536
28143482
126844
33091454
126850
28550
33091462
33091467
126860
290707
225171

61338
61342
94118
323496
257961
257963
28589
28590
94126
28591
28594
454579
25096119
290744
94137
126905
323518
28607
94143
29028290

28613
159685
28617
94157
61391
94160
94159
25489362
28626
61401
33091547
33091548
61412
61416
28651
28653
28668
14315520
14315530
24834065

25161745
61461
94231
61465
94236
389151
24604703
61478
61479
28713
28716
28718
159791
28720
28724
24440885
28725
28727
28732
28734

28744
28745
323659
33419340
28747
28750
61518
28752
24703056
28758
61534
127071
33681505
127074
454757
13955177
127082
61547
94314
33091693

33091694
192636
13758589
61569
34926721
61571
24572038
28807
258182
28812
28814
28815
51703957
51703958
13889690
389276
13824158
14020766
454822
26669223

258214
28851
127156
61626
25030848
61632
13988037
28873
291022
13922510
323793
28887
192730
61666
61669
24703206
28903
94441
28905
94446

192750
127217
28914
258290
61685
28926
28928
28935
28937
28940
28942
94479
291099
24932641
127272
94506
28975
94516
24441141
24998210

25030980
225608
225610
258380
389453
356684
61785
225635
61799
61808
33091957
33091961
33091962
33091963
25719163
61817
33091965
61824
127363
29061

127365
24670601
455049
61837
127374
29072
94613
13234583
61851
25457052
29093
127401
29105
61877
225718
61879
29112
61881
94652
61885

25129406
94655
61886
61890
29123
324036
25031107
29126
29127
356807
127427
29131
160207
61907
29140
356821
25194974
422368
28864993
94700

29165
29166
29167
356847
29171
29174
291321
27587067
455163
193021
34206207
29191
29192
193040
193044
28865046
29208
29212
29216
14021154

356900
29222
29230
29233
29234
29235
160309
29238
29240
62010
62011
29245
356927
29250
488003
193096
62025
94793
24572491
24474189

29261
29268
28799575
29273
29286
29291
258673
258675
356985
258681
127619
455303
29321
291469
29327
28832406
62102
94872
62106
258720

160416
29344
29361
520883
24441525
29366
455351
29368
291512
62136
24474299
29372
24572607
29377
29380
324293
29385
127693
94932
29401

29405
357088
29410
29411
520935
291565
160494
94962
25162488
455417
28865281
258817
28865285
62215
94985
62217
127763
455444
160535
29468

62246
95015
24572713
29483
62252
226093
29488
29491
62265
28734266
13890361
258894
29519
29520
62294
13857624
29534
29537
127848
24867695

62320
62321
24474481
29551
24441721
291709
24638343
226185
29581
95119
29585
29589
29592
26047390
95134
226209
62369
29604
357284
291750

14349223
29608
29607
258992
95153
13824948
127926
29623
62391
160699
38990784
226247
95176
26178512
127952
29648
422865
39973847
24441818
62431

29666
29672
29673
29675
29678
62448
29681
95217
29682
29680
259062
95223
62457
95226
62459
62460
29696
29699
62468
29701

34173975
29722
29724
52196380
24507422
29728
29729
28931106
128035
160800
259109
25818152
29736
41055280
29747
47182906
29755
291904
29763
24441926

29770
29778
160852
13956184
95323
128099
29796
29795
29802
226410
62571
62575
29809
14349427
128120
29817
29830
29835
31323278
24900762

259227
62620
29856
95398
128171
25949358
95416
29881
62649
62665
29898
160972
62671
226514
29906
160978
226515
29915
488669
28865760

29921
62694
29933
259311
29939
29942
29955
455939
28931332
128274
128282
193821
30012706
128295
14316846
30000
226609
24606002
62776
161080

30010
62779
324922
30019
423238
13956422
30026
62795
161099
128331
554318
30037
357731
30053
357734
357735
30059
30061
128366
30071

30073
24540543
226688
62849
30082
24507785
25818506
161169
30103
30116
30117
95654
30132
259516
30147
26834372
62925
62938
33486298
30172

521692
128481
128482
30178
30180
30181
357859
30185
128500
62964
357881
259585
24704516
95749
259590
24540683
30219
29292043
62994
30228

63004
30237
30238
521759
30240
488993
226844
24639011
13792800
95782
30246
13923881
292394
30251
50361904
27588158
12351038
29029954
95818
30288

554577
34731607
30297
259675
63068
63075
28735076
357989
30310
63082
95852
30317
26080879
226931
30324
63093
30325
30327
63096
30330

226939
95868
30336
28276353
30344
358028
24442511
30351
63119
194194
128657
29030042
13956764
63134
13792927
63136
128670
30370
63140
30378

63147
28473004
25196205
226989
30384
24704694
30397
456384
29128387
227011
30405
292547
25360072
30412
28931788
30414
30415
30416
26670801
30420

50362070
95958
30425
30426
30427
63196
30428
30432
24573666
30443
95980
14382827
95984
292593
63220
27588341
30454
25097975
12711676
30463

96003
358152
30478
30481
30482
30485
30487
554778
30491
554779
12646173
30490
63270
63272
63275
63277
63278
28866365
13825859
24573764

24966979
30531
30536
30537
51640140
63310
30543
358223
194384
24409938
259923
30551
13793111
63319
522075
30558
30559
30560
13793121
30563

325476
30566
259943
24606576
96114
24606579
24606581
24606582
27555701
13956984
63355
30590
30592
96134
63371
31651725
30607
63378
30613
13105046

30617
30620
30622
194470
28604333
489390
25294767
30643
30645
423862
24475574
63416
30649
128951
30651
30652
391111
30665
391113
522188

24508365
391116
30675
30682
63454
63458
456677
13989861
129000
30697
129001
96236
96237
260078
260079
129007
30705
194548
63477
96247

391162
30720
325637
24442897
63513
129054
30751
227364
63537
96308
96312
456766
25425984
25196612
292935
27752520
194633
161868
30799
63582

96350
96352
63589
30824
555116
63597
96368
194672
129137
30839
63615
424063
24475781
292998
33257610
30859
161936
63634
391316
227477

30870
30882
30884
194726
325799
30886
30894
96435
96437
27097270
28866744
96441
30904
260283
63684
24541383
194762
96460
96467
325846

30936
30938
30940
63709
555228
30942
96482
358632
30954
96492
194799
63731
24639738
63742
19182
96516
30981
25393415
30986
63757

424205
260367
30994
52918551
63772
28965152
63780
194854
31014
26999083
162091
31023
31024
63792
28277045
96569
31039
31048
31051
31054

31057
31058
31060
31062
31064
24508765
31071
24574303
31077
25590118
31080
96619
293231
31090
194932
24770933
28932470
326010
31099
63871

31103
31106
162178
63876
260490
12908939
12810641
26376593
63892
26966421
63894
63895
31127
31131
13105563
31133
31137
31146
129451
32569774

31152
31161
31163
24541629
12188094
44300735
31168
31170
555459
13826502
129478
14055881
195022
195024
31187
63958
31198
31199
31201
129508

195044
227815
195055
24508911
63986
358900
457205
489977
457211
31229
31238
31247
391699
31252
31255
31256
96791
24705567
129568
260641

64033
31267
31268
35256869
31270
27982374
129575
391723
260653
31279
31284
96823
358971
31292
34372159
14350914
27982403
31299
31300
64070

25295431
31306
25295436
31309
31313
227924
31317
25819733
31318
28015192
31324
31328
64103
64104
162407
31338
31339
522858
31341
162413

64106
31351
24541817
31355
162428
31358
424577
64135
24443531
26114701
64145
13990546
195230
129696
64161
64164
13892261
64167
31401
490154

391851
359084
29325996
293557
162486
129722
129723
31420
96960
29129416
96978
31442
129752
31448
129757
31454
31455
31456
31457
359136

31462
31465
31466
24443626
195319
31485
31488
31489
31490
490241
457476
31492
97034
25164559
25164564
64277
97046
424724
31512
162589

28932901
129831
64296
293676
31533
64301
31534
129837
64317
31550
31551
31554
260931
31558
64337
293716
25361240
31577
293721
523102

31582
28965729
31590
64359
490345
64362
24771435
228203
64372
31611
64386
12745605
31622
31623
24443785
64394
13925268
31641
228251
31649

28933026
31654
31655
24542127
31667
195524
12286918
31688
24476620
293837
31694
13794258
130020
359399
195561
64492
64496
31729
28212209
64501

31736
64512
31754
97293
28867600
28343312
228370
424983
24509464
31768
31770
162845
13794334
13827104
130087
97321
24837163
31791
24575025
97331

24443957
40565817
195644
97342
29228100
31822
64593
31840
31841
31847
425065
13139050
64621
25754734
31856
31858
162935
33029240
195704
25132154

64635
228475
228477
261247
64640
31878
326792
392332
31884
425115
28376223
24640678
31910
28867750
31915
97455
31921
31924
64694
31930

228543
31936
195777
425154
130248
97481
97486
97495
97500
97501
130276
228584
31982
457967
31988
195830
294138
31996
97532
97539

97540
32008
26737929
64779
64781
32013
458003
195860
261397
32025
28867867
64802
32039
32053
24542524
24542528
32066
97604
28867910
32071

32070
64838
97607
425291
32076
32077
64846
64847
13794640
32078
97613
64845
32084
13794647
28867930
32091
130397
32095
25197920
294242

24477029
64870
32101
32106
425324
64877
425325
24706412
32113
32177522
32115
32116
13008247
97662
163199
97664
32129
97666
64901
523653

32136
32139
24903054
32145
32150
261528
32153
97690
48725403
130464
32161
163238
64935
130472
327086
32177
24935859
130484
64950
294331

24935870
40664516
32197
13958599
32200
64969
130508
32204
97742
28868046
294353
64980
425430
25001432
97755
261596
28868060
28868065
32229
32231

65006
32238
32246
65015
32249
294395
65021
97793
24575490
458243
32262
97802
32267
359952
130581
97813
65050
32290
163367
32300

25001528
65080
65084
13991486
32319
360001
65090
32323
97860
32324
458308
458309
163396
97865
196171
25034315
130635
130642
28868180
32343

294489
130651
458333
24608353
491107
32361
97897
32364
32367
130675
360057
65153
32386
97922
32389
65158
65167
32400
65169
25722514

97936
25460372
65176
196251
327324
65185
163494
130727
24444587
25525938
29851315
261812
32438
32439
32441
12648132
392900
32454
32455
32462

65231
32464
98000
196306
24542935
32474
32477
98019
24608484
14384869
327398
65254
13991664
130802
32501
524022
32503
491258
32509
196353

32514
327430
28081931
32525
32527
130839
327468
32557
26509109
196407
32568
32572
32574
65343
360257
32579
130886
28868422
24805195
24805196

65357
65370
261978
28999517
24739677
13205346
32611
196455
98151
32046958
65393
98166
65400
163707
28868480
163712
65409
262016
196481
65412

32647
65416
65421
65425
65426
13893524
98206
65441
32676
32677
130982
262055
32680
163763
130997
32694
65465
32700
32701
32702

98239
32704
98242
65475
29032390
32715
13008850
13008852
24674266
131041
32740
98279
32743
98285
65519
360433
25100277
98295

