163843
65540
32774
32776
32781
32782
524303
46202897
32786
32785
524309
131096
40960030
32803
32804
32805
32813
131122
32821
491574

32837
32838
65607
14352465
262226
27951188
24608852
32862
14319717
14319718
14319722
393328
40435825
65660
32899
131203
29360262
32911
65703
65704

32938
28770483
524468
27328702
13500609
65730
65735
65738
524491
65745
13697235
32983
32984
196836
426216
14156017
25559282
491762
33012
164087

65790
164094
65795
12648708
24477957
28377351
24838410
229653
33053
131359
40403236
360755
33076
33077
33081
24936761
65851
13828424
13828425
33104

360790
13992286
26181984
164200
33134
33135
33142
98689
33154
65926
33159
33163
33164
65932
131469
24543631
33166
24576406
33174
33179

65954
65956
65957
33210
33213
131520
328129
328131
328132
65988
328134
295370
262612
33237
229846
66012
33245
33246
66015
66024

393708
66029
24445426
66043
27853308
33277
24969725
14385663
33291
66062
33295
33304
33308
98855
98856
262697
33321
33323
33319
524847

25199151
524849
66098
51085877
33335
33337
33339
28410427
328254
66111
33347
131660
33356
52822606
524879
33358
98898
33363
33362
295508

361054
33374
328292
33382
33384
66153
66155
33389
28934767
12845680
24576639
98943
27853445
98954
66189
98969
328353
164515
24576681
66226

66236
99005
33471
25264835
131779
164570
24707805
33506
33509
426726
66278
131820
24904429
492268
33525
33526
33530
33531
13828858
361215

13828866
24544002
33538
33540
33545
66313
33547
33549
24478477
33552
164624
164629
24576790
28443416
28934944
197409
33569
13828899
197408
66342

66348
361264
26903345
66353
14320444
295742
262980
28934989
99151
28246864
164688
99156
99157
99159
33624
33625
33626
25592664
66396
33629

99163
66398
66403
164708
24970084
26837862
33643
99181
24576878
33649
394099
28935027
27951989
197506
33671
525193
66444
33679
99225
33691

99230
263072
33700
12583847
164775
263081
24970152
27853738
99250
33716
33721
426937
295880
164811
24970188
132045
263119
492496
99281
28902363

459761
66545
25461750
24970230
28279802
164861
66558
13075459
33796
28902406
33799
25691144
33801
28902409
33805
132110
33810
33811
66581
33815

66584
26477597
66590
28869662
66592
459809
13698085
28902437
66603
230443
33839
132143
164916
132152
328762
99387
33852
33853
33859
230468

525381
66630
24970311
66627
99398
33866
33867
24446031
13960273
197724
28902493
33887
99424
99431
33895
28968041
33896
33899
25134199
33912

99450
33918
263294
33927
25035915
66699
427152
33940
33948
99485
33950
24741025
29197475
33955
33956
33958
28902568
26084522
66731
132268

66736
99508
28902581
66747
33979
33986
33987
33990
33991
99531
33996
99536
28869841
525523
24773848
24577242
27690202
34016
34017
44205280

34022
34023
34024
165100
296174
66798
34036
28902647
165112
197881
28902648
34042
34045
34046
66818
34052
460041
165133
34064
328977

34080020
25330968
25330969
165146
34075
25330972
34072
24511772
99610
29066523
34081
66850
34083
28902692
34084
25101603
132399
34104
66873
99641

28902714
66876
28935480
34110
492863
28935488
66879
24675651
132420
34119
132427
24511819
24511820
24511821
34127
230736
34123
99668
66900
34134

100907
35373
68143
35385
35387
35390
231998
13797954
24545859
363078
35400
35405
28904014
395862
330327
35436
35440
526963
35443
27069046

35455
13896320
13896321
25889409
14322311
25332364
35474
68244
35476
14355092
68246
29133464
166554
35482
68260
35500
24447661
297645
35509
264890

68290
363206
363208
35529
24447692
199373
24611536
35539
461530
264934
35561
35567
33491699
24414963
29068023
68345
101118
40766209
35587
101125

28904200
264974
35610
166683
35612
35615
35623
265003
40766252
24611628
35633
101170
25824051
13863736
68409
35643
33327936
461650
68439
35672

101213
35679
24415071
527201
28904289
35682
363366
35687
101227
265073
35704
232318
68480
35714
68487
35737
35738
28904346
33655709
13962147

35748
28904358
35752
35753
35761
33491890
24677299
101312
134081
27888580
232391
51809224
35796
330708
24710101
68568
33491930
35803
330714
134114

35811
13765623
461826
33491975
265227
35851
33491981
33491982
35855
24448015
35856
13896720
101404
35869
35873
166949
166950
33492007
33492008
33492009

24742951
33492013
101424
429105
33492023
68666
68667
33492031
24579137
68684
35917
33492044
35920
33492049
265297
199761
68695
24743009
33492070
35946

68716
26315891
68724
35961
33492090
35963
68729
24480894
33492099
13995143
494732
35981
35982
35983
33492112
199824
13995153
33492115
35987
33492117

24710298
32443547
36000
36001
24546467
36004
134314
68780
36012
36014
298162
68788
36023
462010
101569
36034
36035
265420
27266260
68821

36057
25169122
33688813
134385
68850
25398517
36100
25103621
36101
36104
101642
27102477
36110
232718
36112
101648
24513808
13896980
36120
265498

36123
68892
527644
101670
36138
36139
101680
68914
199987
134455
36153
24481083
101692
14191935
101695
36161
68931
68933
31952200
36171

68941
134482
167250
101715
101716
68949
101721
68957
24612190
68964
200045
33262967
36219
25824642
36231
36232
200072
363914
14323089
69014

24481177
36250
167322
36253
134561
200102
36263
36265
24481198
24481201
24939958
36279
25038264
36280
396730
167354
363963
36292
396741
134596

363975
36295
36302
69071
36313
24841691
429532
24612318
36321
36323
69102
36336
396784
26480119
13929983
101896
265736
28872204
69133
167438

167439
134673
36370
298515
25431579
69149
36382
33197599
69154
265763
24448548
101924
101926
24448550
69161
29036078
51777081
69183
101959
36425

101962
134731
36428
69199
69200
69202
36435
25169495
27790937
36444
134748
396902
36459
331376
36466
36470
36474
29101693
69247
200320

69249
13799047
13897352
69257
69258
36491
36492
36488
36494
134800
69265
13930134
36505
69279
134816
25824933
25562791
36523
36529
69298

69299
14323384
265914
69307
134842
36541
24645310
200385
36546
69329
134866
167635
36562
134869
134865
24973015
298711
25005788
36577
36578

102115
298729
13897451
364268
134893
69358
36591
36593
36594
495350
24415992
397051
102143
265984
36616
69387
102158
24874771
36631
69408

35262243
266025
36650
24973100
36653
36655
25136949
36661
36669
36670
102207
13700938
69452
28905293
36689
36691
36697
24448859
462686
69472

28905313
102241
36706
36704
102248
102250
36715
36714
135022
364400
36720
36722
102259
69494
24579959
36728
36729
24416122
69496
36733

364416
36738
364419
331653
24940423
69513
69514
69515
27660173
24579989
51613590
36759
13864863
13864868
36775
69544
28938156
69549
36785
36786

36790
135095
26480571
13963202
102344
102348
36814
69583
36818
495570
462806
69591
102363
36831
36832
36839
69608
69614
331768
36859

28905467
102397
24481791
135168
167935
28905474
167940
69644
36876
69645
36885
36886
331799
462874
25628699
36891
200737
24973350
167975
266285

51810350
135215
200755
331832
135226
27955259
200765
364605
200767
331839
69697
462914
200773
29003853
233551
69716
36950
13963351
135260
168029

28414045
36962
36964
69738
36974
13570158
397422
168050
24416376
24416377
69760
36995
36996
69764
69766
69765
299149
69778
69779
168082

233626
69786
233633
51810473
51810474
102570
51810477
51810479
51810481
13930674
299190
30314679
40407227
69824
299215
69840
69839
495829
37080
27431129

102619
37085
37086
37095
102631
233706
69866
102639
200950
69879
33624313
69882
69891
37125
102665
69900
37133
37134
37135
37137

37138
37141
69913
364838
37159
69929
37169
37170
102717
37186
37188
37189
37191
27595081
528715
37197
44765530
24482141
102749
37215

37216
37219
37220
27300197
37221
69991
332131
69995
69997
168311
13865335
37241
70008
24580471
397691
37255
135567
299411
37286
266666

37294
70062
37297
25924024
266690
29102533
102855
37325
102863
26251727
24449489
430545
266708
135644
25858527
168418
52892133
24449518
135662
528886

70136
102906
168443
24646138
31986176
37387
299531
37391
365073
102931
37396
135701
29069847
37399
37400
37401
24449563
13865502
332321
70180

37412
37415
37417
70186
234026
37418
13963823
102960
37426
37430
168508
102973
299580
37442
37443
37444
37451
463436
37455
37456

102994
102995
37469
135777
168551
37483
103019
37485
37484
37487
332400
24416883
37491
24973939
37495
70267
168572
37519
13865623
37533

24580766
25006753
168610
37538
25137827
37542
135861
135864
266940
37567
37569
24580803
27955909
266951
37578
168660
37590
37591
168664
70368

28873446
201446
37612
37618
37620
70388
299768
37624
70395
299772
332548
234246
37645
14357263
135957
234265
37658
37659
103194
25006877

463643
135967
13996832
25006880
37662
37667
37669
201510
70440
299818
25432875
24744752
28545841
28545840
70451
28545842
37687
70457
234303
37697

25432901
430919
25006923
24712021
168793
26776417
37732
70503
37748
37750
103296
365444
24581001
103311
70545
37786
28971931
37791
70562
136099

37797
27792299
37803
136111
70576
103345
37810
37814
168887
201654
70589
332739
37830
35722187
234444
37842
37844
36246485
234452
37859

70630
70633
24941550
37874
70648
201720
37880
11375611
37882
70653
37891
37893
37896
70665
37899
70669
13898765
136212
24974360
37913

37915
136228
14324774
70698
70701
431150
431158
70711
13800504
103482
24876090
13931579
169023
13767744
13767747
70724
37955
37959
37961
136266

103504
37974
27825240
365656
234586
37979
27825245
24515679
398433
37992
169064
37997
38000
431217
70769
24581236
25105525
25105526
38008
38012

29004926
234624
103553
70787
103556
38020
529541
38023
38019
38025
38031
38032
70802
24745113
38048
169122
300195
38069
70839
38073

38075
70846
38079
38084
234695
103628
70872
28546268
103644
38110
24548581
234726
38118
70893
201969
431348
24777979
24777980
31855870
38144

70914
49452297
201995
38159
29234449
38168
38170
202017
38178
38186
13800752
70966
333111
333112
28906809
49452350
136515
267589
38214
24417605

136519
169294
169297
70996
24679765
38235
38238
71010
38244
38245
300389
71019
38253
38254
103791
38255
26776946
38262
71031
38264

38274
365957
431493
431495
34018698
38287
27530649
136601
136604
13899165
267683
38312
71083
431538
529847
24548792
38329
136636
38334
24483263

136643
71107
202181
71110
333255
24614343
24450517
13899223
71129
333277
38379
24614384
43161073
25794034
38386
14325234
14325237
14325238
71162
103932

71165
38401
13768195
103941
136710
103943
38407
24614409
26809869
267792
27792926
71199
25007652
25007656
71209
24909353
38440
202284
136763
497214


25531968
136770
40605258
136780
104013
267852
169550
24516176
71250
169556
104022
71260
104032
464487
38503
104041
104042
38510
71278
24680047

366192
38512
13866608
33396340
28710524
71301
13768332
38546
38547
267925
169625
24614555
38556
24975009
366244
136868
38566
13768360
104135
38600

13670090
104145
38612
38616
71386
366306
71398
13833960
38633
38639
71413
38648
38651
38652
431871
136961
366338
497412
235271
300812

38670
235280
29169426
235283
71448
71452
104225
24450851
431908
38691
38695
38696
137010
14325563
38718
49452871
169799
25139021
25139023
202581

71511
38751
38757
71526
71530
24680300
24680301
24680302
38788
137098
235405
38798
24614799
38802
38804
24549270
38814
38816
38817
13866915

38824
432045
38836
24680376
13768632
268220
24680382
38848
38861
38874
38875
24483816
202731
38898
38900
71675
432130
71684
301064
71695

104464
333843
38932
202775
38942
38949
38955
71726
33429550
14325807
235574
13932598
27629624
333878
25663542
71743
71744
137282
38980
170059

464972
432207
202832
38992
464976
38996
39000
39001
71770
71774
26712163
104552
104553
104554
39018
202860
39027
333940
39033
137338

39035
104575
333957
39050
202892
39053
28973198
137361
24877205
71829
104599
202905
333982
28940450
137378
39076
39082
24484022
530617
104633

71870
268482
39108
25860298
432331
27498711
432350
13768928
39138
29104355
39139
235754
399599
39152
334066
39155
104693
104703
104705
104706

530691
39172
268547
366857
71947
39182
104719
71977
39212
465200
104753
39218
24451382
11376953
39229
71998
432448
137537
39234
39237

39238
72005
104782
28907859
39260
72029
24680799
39267
26188132
26188134
26188136
24418665
39280
72052
24811894
72055
137594
104835
39300
432516

39306
72075
39319
203160
39322
39325
72095
39328
39329
39338
72106
39343
72122
399806
367042
39364
137668
39366
39367
72135

25991623
432588
72142
24451534
39384
13900250
24451547
39390
39391
29039077
72174
72179
39411
39414
27400698
27826684
28023293
27859454
13900284
137730

137735
236044
24451600
236049
465428
72227
104996
72229
72234
105004
170548
301621
105013
203318
13900351
105025
236110
39503
39510
105052

24812126
72291
39524
39525
13834854
13834852
13834856
399980
13900397
72309
301689
24418938
334471
170644
11377302
24418967
137889
72355
40704678
72368

334514
72379
105149
105155
39632
24484561
105171
39636
531158
72407
105180
137949
39646
72422
39655
13966060
28875503
203506
25434871
203518

39681
203524
72456
24648461
13867791
39701
39709
72485
72486
367399
367402
39728
39729
367420
39742
25533247
25860930
39756
39757
138064

72532
367447
24648535
105305
28973914
105307
24648536
39767
269154
39780
39781
13441894
13802351
39793
170866
138102
24550264
39802
13998972
105344

269186
72580
269189
24714119
24648584
39822
39823
105360
72594
39832
203672
39836
28253085
39837
29793184
72611
367525
24484775
24484779
39855

72625
25861049
34479036
24419261
138174
39870
24419265
203714
72642
170949
25041864
24583115
105420
25107405
72671
203744
170980
236517
24845290
334837

105467
72701
334849
105473
39941
24419341
236558
138263
105496
105495
28417056
39970
72746
39981
27204655
25107504
25107505
39986
24419388
236610

24419399
24419405
40013
40017
171092
105560
25369691
72796
24419428
367721
24419442
33168502
40055
40057
105600
105605
269447
138385
27991186
105620

40086
236697
40090
72862
236705
24911010
72869
14326951
171184
40117
269494
40122
40123
171196
105658
40128
40130
171204
40133
25074885

28777674
24845517
302294
433366
40152
24845529
24419545
40166
28941547
40176
24878322
40178
302330
236808
34249995
28974352
40210
29039891
24878358
466221

13802800
40246
24419640
24485176
35364159
40258
73027
73028
40271
105808
105811
13835604
28417365
28745046
25140567
138584
204120
25140569
13802843
25140570

40289
40294
40295
73065
40298
73068
138605
302448
40308
73077
24550774
204153
40316
236924
40320
105859
171410
40348
40354
27958695

105900
28908980
34076
204223
138702
531918
40403
269785
40410
269787
40421
73190
138725
105970
204279
25107965
40452
73220
28515846
73224

204298
269835
73233
28909077
204320
73253
73254
204327
51813928
26517037
269870
204336
40506
40512
73288
466507
12885580
368204
28384848
73302

171607
269910
73305
40547
532073
40556
532077
335469
40562
24583797
204408
73338
466557
138881
269960
73356
27958925
25566862
25370261
40607

40610
106146
368298
25108144
40625
28909246
138945
237253
24616656
73425
40659
24846050
40675
25108205
499438
24485620
73463
40902394
40712
73483

302864
335638
204567
270106
73501
40739
73509
237351
28909352
25403181
28909358
139060
40758
139066
40764
139071
13836097
40769
13901636
40772

499526
24420167
466766
24420175
40783
40785
270163
73557
40795
106332
11378530
27893602
106354
106355
41033595
106367
24944511
73601
40834
368514

204676
40841
73616
73617
12459922
466839
40862
13705122
73637
106412
237492
237493
73660
139201
434114
139209
466889
204748
26812370
434130

40917
40925
172007
73705
172011
204782
40961
237578
73744
40987
303131
401438
24485920
139298
24780844
27336749
73778
13770805
13836343
303161

24453186
73796
73801
73802
73803
73806
28713040
25272412
73824
25272431
106608
172144
532594
237684
467063
41082
41083
172154
172157
106621

41087
368771
434308
73861
270467
73865
73866
204939
24551563
139405
26583186
41109
24780952
204953
172184
41119
401575
41135
237748
41153

12722373
29139141
13934798
41168
41169
41178
237788
28319965
499934
41188
12755173
41201
106738
270580
32579828
73976
13639930
27107582
41217
106754

41218
24813832
27861257
13771023
74000
41233
303377
467218
106778
74013
34808101
41255
74025
41261
368946
41271
368964
500042
500045
303441

13771092
24453463
74072
270681
74075
41314
41316
205156
532839
24682860
172404
237948
41342
172414
41344
24420744
24453514
41362
24453523
41364

74135
28909981
41376
41377
28909986
41380
41383
106921
13902251
24420781
106927
41396
336313
74175
139712
74176
139719
172488
41418
26485196

106973
172510
41440
74211
41449
41450
106986
14000621
41461
106999
139768
303609
74235
238079
74240
205313
28942852
13804044
41490
41495

172568
107033
24683035
172573
172574
41505
205345
139812
13410853
74277
24551982
32055856
41520
13771319
41531
107068
270926
24715858
107095
107098

24715868
139871
139872
24748644
41573
52830822
24748649
107120
24945266
14000756
51618436
24748678
25764492
139917
13410966
74395
107173
74410
29106859
74411

74413
24584877
107183
40346285
107181
25076407
24978108
74430
41666
139978
41684
139989
238296
238299
172767
41696
24584931
11379428
25436900
25338600

205548
25535219
48833274
140034
28910340
140038
74506
140043
41743
74513
41746
107283
29860627
74516
13837080
41753
28680987
172828
369437
41758

74525
74535
41771
74541
41773
28451632
41778
41781
402234
41787
41789
41794
24388418
41796
41797
28877637
41798
74569
140109
24585042

26223452
41823
402272
41830
24453992
107370
74618
74625
26354572
74636
41876
25797524
24421273
24421276
27108260
29336487
172972
41901
41903
24421298

41906
41908
140216
304057
74682
205763
238535
33334216
43459530
28910538
41937
41939
74707
41948
26289117
24421346
41975
74745
173052
13968394

74766
74768
74769
74779
467996
107549
42018
42019
107568
24454196
42039
74808
173124
42054
42055
500808
27337802
500812
107608
173150

14001249
42082
42087
140394
42094
29402223
42096
26518642
24585333
24585334
140407
42110
42112
42120
140433
140434
304283
74910
271522
74925

24585399
24585400
74938
74943
24978628
42182
42184
42189
42194
107735
42206
206047
271583
107750
42217
74995
25011444
24618228
271607
75000

32449786
13772030
75009
238852
13640964
42248
107784
140555
75032
42264
75035
107806
25699615
42272
24421671
75048
26748200
173353
140592
28222776

42296
468284
107837
13968702
107839
304450
468293
24814925
13772109
206157
42321
304465
107861
42326
24651107
42350
11380086
173434
27927931
140670

238975
25339262
140677
173447
13837703
24618379
107917
42383
75153
75156
107925
402836
42393
75163
140705
41919917
304560
239031
107963
107967

239040
13772223
47261122
42436
75207
25437641
42441
27633100
75219
75220
25765333
501209
75230
42462
42463
42465
42464
12264932
271844
24421862

24684018
42485
42487
25372156
75270
28911111
42506
206347
32286227
75284
25011732
24782361
173594
75291
75296
108064
402981
173607
75309
24716845

42541
75315
140862
25503295
501312
75329
75332
29009476
42565
42570
26158667
42573
75341
140879
42575
108109
173650
24389204
12822104
108121

29828698
25011800
14001754
13772383
11380323
14362212
403052
24421998
42607
75374
108145
29009524
42613
108148
28583541
435834
24651387
108162
173699
13772423

140938
173715
24651414
272024
75420
25241245
272031
25536165
42662
13969065
25601706
25601708
206514
25405110
25011897
25011898
42685
75456
304833
25011907

25011911
75464
75465
25011912
24422101
42714
501482
42737
48735992
48735994
42758
42763
108302
14001938
42783
141088
11380520
29599531
42796
42797

206644
272183
42809
239419
173884
108349
42814
42816
24553289
239436
42833
436061
42847
12265311
26847074
42858
24455023
25470843
13805436
13969276

24946558
42878
370572
25307029
25307030
272282
206746
75685
272294
141225
206762
108462
403379
42934
141239
13903800
25077688
13772735
25634752
25405378

24618946
42948
25438149
75714
108502
42974
108512
108513
24487911
42989
108526
24422386
12265470
141311
141312
43014
206866
28420114
501778
24553490

501786
174110
43045
24553512
43053
43054
108602
43066
43069
43071
28878922
25045069
75858
206939
174172
403554
29206629
43111
13969519
43119

43121
108657
43126
43129
436345
25340027
174202
338045
75898
239750
14362766
75919
141456
32319633
13838482
75924
25700506
13904032
436387
75941

75950
75955
43188
43189
174265
43196
141501
26192063
28289216
75971
33040585
141513
13609164
24619213
13773020
43232
25700589
13904122
25176315
24619262

436483
43269
76040
108819
76052
43284
239893
43287
43295
43303
25930023
76077
108847
43313
108853
27437367
76089
24553787
43329
141636

76100
13773127
43341
24553818
239966
371041
24717666
24717667
43381
108921
43398
24619399
534921
13937035
28879244
76175
141714
43411
43415
30878106

43422
25078176
141730
27994534
28977575
272812
14002612
43446
76216
12691907
47327697
28158422
109022
43489
28355051
13117932
76269
240112
43508
43515

43522
43524
28158470
43529
13412877
43538
240147
24455703
24488476
13806109
469537
43559
43562
43565
29272624
12560945
76338
76339
43572
24750641

109110
109112
76345
43577
141883
371262
25406019
43591
43592
207432
76366
28387921
43602
43607
28387929
109147
109148
174685
109149
24586847

338531
27372133
24619634
305783
13838971
76423
76424
273039
76436
43668
40643222
141973
109209
109210
338592
43686
338599
13904552
32189108
13937336

13937337
33794746
25504443
25766588
174788
273093
240336
43737
43738
43743
142057
24816362
24816369
13937395
24619769
24619772
436988
24816382
43775
24423167

29240065
24816383
27962115
142087
43787
43788
43790
142099
109333
25111321
273195
437039
240434
43829
24750905
28388155
43838
43839
43841
76610

43844
469829
43854
43855
142163
14330708
76639
240481
404328
28978029
142192
240498
404345
24456060
43904
24456072
43925
76700
24914846
25373599

76702
12921772
43952
142259
76725
24423354
207804
273353
142286
273368
240606
13904862
142303
306146
109539
44007
109546
44010
24882156
14330861

13937648
44017
306162
44018
175101
13642756
175109
28191749
28191750
28191752
28191751
28814345
44050
44051
26094614
44060
207905
44067
76837
240678

44071
44073
24390700
24980525
207918
175150
44080
437305
371775
273473
44100
13773893
44103
535629
502866
371795
44118
13806678
44120
109657

109664
31370340
29043814
28093546
14363758
306289
175219
44157
44159
44162
13905028
44166
470160
208017
25406614
27995286
28290204
109726
437407
76962

76967
44214
44215
208057
29142204
404675
535754
25603275
44236
175313
77013
25603286
13839582
25046242
24653027
44259
28978405
77034
306413
109807

44275
13577462
240890
32255236
24587529
44299
109836
44300
208143
208146
273689
77082
109851
28880162
437544
77096
27602218
109877
24784184
44349

13937984
24423746
44355
306500
44358
77127
306503
109902
44370
24423767
44378
142684
25210204
44382
44399
77167
26226031
175473
45788532
27897207

25013625
404859
12955008
77187
24620428
32779666
175507
24620438
24620441
339366
24554925
110009
404922
44477
208322
404931
110024
142797
26815953
24751572

77270
241114
77276
241120
77293
24456686
273901
208381
110080
13807107
77317
26947077
536084
536088
110115
241190
536102
175660
142896
110130

77364
27962933
77366
77367
142912
44609
44610
44611
24849992
44618
470602
25308751
470608
372305
142932
24653397
503382
77400
44633
142937

44637
536157
25374305
44642
51621474
25669220
339562
44651
77433
44669
339581
110207
77439
44670
25144965
77453
77454
44691
77472
44705

143025
110258
503477
110268
77504
44737
77507
44741
28782278
77511
44746
44749
24686287
143060
306907
110305
274150
143080
24424169
13840106

44789
25865977
25865979
24588031
44804
306950
77578
44811
175882
44814
110353
24456981
175901
208670
44831
33435431
208680
24620840
26980138
28978987

44843
44845
44842
44848
44849
33435455
77632
175937
44866
33435459
274239
405322
77642
44881
44885
44888
438105
77657
44890
51490649

24686426
241502
25636702
13840228
44900
143210
44912
14331763
110455
44920
503675
51621762
13184900
44936
44938
44941
110478
44944
110482
110485

13807509
24489879
25341846
24424342
44954
26488732
13774749
77728
77729
77732
77736
208819
44982
77752
44985
241596
44988
44992
24457157
110538

536525
24784845
176081
45013
40021975
110557
176095
45025
45041
45045
77828
45064
24457224
45068
24817678
471057
77842
110617
274458
13971492

24555557
29962286
77870
28979251
45121
25997380
307271
45130
45131
503885
45138
45141
51687510
14364762
24588380
24621149
143454
536671
24817762
24424552

28979304
31993963
45171
45174
45182
24653951
45185
45186
176261
45190
143499
143504
45202
45205
143521
24588454
45226
45231
24654000
28946614

24752313
241853
143575
48083160
110809
25473249
110822
176360
45297
45308
25506045
24424707
45324
307473
24457492
28946709
45334
24457495
78107
307489

24654115
24654118
307495
78124
78128
45367
45372
26652992
110912
26521934
24785232
13807955
24686938
45404
176482
504172
25244014
12562806
45436
340352

78211
28979589
274822
45447
110988
209292
45454
45455
45453
28881293
24654231
471448
25244055
32387483
111010
45477
24687034
242107
45500
111041

78273
45507
13906372
45509
25080268
26161617
36123093
24654297
45530
405981
78302
209375
209376
471529
24457708
14365165
111088
242165
471542
307704

307705
242170
242172
242174
242176
33239555
13939205
45573
24457738
28422670
78350
45583
25801232
242190
24818198
45591
45594
25768477
242212
143914

242223
78385
45620
242230
45626
28947006
25473602
78407
143944
176722
45653
45654
209510
34583144
209513
28881516
34583149
111213
78447
78448

143985
406133
45689
45700
307858
45719
242331
45730
78503
24457900
45740
340658
45747
45749
373431
28095166
45759
45760
13841093
13841094

24392399
45779
471772
45791
537312
307946
471791
33927923
340730
111363
275213
78605
45848
471836
28881705
12596010
28881708
24458033
45873
45874

45875
111412
45878
12596028
78654
78660
13972294
144199
45896
45900
78670
45902
45658960
111440
176977
13906774
45912
45916
144222
28881765

24621928
373620
28259195
111492
25703300
78733
78734
24458129
28881813
24621974
33043351
209824
78753
78764
24425390
13054898
177081
24425404
144328
308171

24523727
78799
177113
78814
24458210
144356
308204
33534958
78833
78836
275453
46081
24589317
24654854
177161
24589322
111626
28980237
78865
25474066

78867
24425492
341017
46105
177180
308270
78900
46133
78905
24491067
46140
111680
78919
46151
111689
78924
46156
210009
144473
24458331

78938
242780
242784
46177
46180
111718
210026
13841519
46206
46214
275593
46228
46229
504981
28718236
79007
111779
242866
24949939
29897908

28849337
46270
79041
111812
210117
210116
46278
24655048
177352
11220166
24556752
24589522
46292
46294
46317
242929
24622323
24950007
11220221
46352

111888
210193
79120
46356
46359
46361
210201
46363
46368
374051
11220262
28849447
24556840
275755
79151
13808945
30029108
46389
40547638
40547636

439606
46396
33928509
46399
28882242
79182
46415
79183
46418
32257368
25212259
29013349
210279
308585
46447
24425843
46453
111991
46457
14005628

243070
14333325
112018
34583957
46489
46497
25114021
406954
79275
46511
28882357
46521
13776315
79294
210368
275908
177606
210375
112082
46554

177627
25245148
177633
46563
46564
112099
46572
46574
79344
24720890
46588
472572
374279
13940231
24851977
46612
79385
275994
46625
46629

46634
144938
144939
28849706
46644
24458808
46653
79429
341577
46667
79438
79439
341584
407122
407126
79447
79448
46688
79456
374374

25671273
14300778
25671277
32388718
46702
25671280
25245297
112246
46714
112255
29013637
243336
14366346
46733
24819355
25212572
46747
14300829
112288
145061

177830
276136
79529
112314
25802429
407230
46784
25802435
25016004
46787
46794
79566
243417
24688346
79582
24393439
14366436
24786671
24786675
12793588

46838
112376
472828
308989
24393468
26687231
29472515
79621
25081614
46867
112407
79640
26326812
24557344
28849957
112427
25442095
24655663
24655669
177979

210748
46907
28948283
79680
79681
46912
407361
46927
46932
25409364
79704
112475
210785
46948
440167
25016169
46956
24688494
46976
112514

25311109
46982
440197
538505
27768719
79766
13973400
47003
47004
79782
178092
276398
178102
79798
28719033
28850109
112578
79811
473029
243654

374727
24524745
243658
112587
13809611
47053
276431
13907925
28522453
25540575
79840
24524770
276451
24459239
243692
145388
47233010
112627
47093
210933

24524793
24524794
112635
47111
13776905
342027
27179022
24393744
24754194
178204
24918048
24393761
79907
24459299
145454
243765
79926
47159
27965500
28883005

440382
24655946
407627
112722
178270
178283
29014127
24852592
24393841
145523
80002
24426627
538762
47243
11221134
47246
34060439
47256
112796
243873

27015336
145580
40515762
80065
25049284
80079
80082
440534
24721622
178392
47320
11221211
28719333
13973736
47339
112877
342255
11221235
29047029
112885

276728
27539709
14334208
178442
47371
47372
407818
47377
211223
145692
47395
30488868
32061735
80168
145710
47409
145719
276797
47423
24983874

178507
112972
145741
13777233
13613402
47452
80222
112991
33470826
48806254
506227
342388
47482
28883323
40483206
47494
80267
113041
47508
25147818

24951213
47534
24426925
47553
178628
47561
47564
27736536
178668
408050
47608
80376
14301692
47613
47617
24754702
47637
47639
113175
113179

24525358
113201
244276
145978
47674
24459842
375372
24754765
80468
211543
342616
146009
309847
47722
113258
24754797
47734
47736
375417
309881

47753
440974
473745
80531
80532
14301844
408218
15002
28883613
15008
178850
309923
24885926
24427178
24820396
24427180
15024
146096
113329
24885939

80566
47798
15032
146104
408249
15036
47805
27835068
47809
47810
15044
47812
15046
15047
24885956
15049
47821
211668
15068
15069

25508575
211682
211683
15075
15074
80616
15089
25410291
47861
47863
47865
47867
24623868
28752639
539392
15105
25082623
80643
15106
80646

47878
80648
15114
178954
15116
80653
146193
24460051
15124
24754963
47892
47901
15133
15136
15137
15139
15140
375589
47908
52312871

15144
15150
47919
24623923
211764
47923
15164
15165
113472
15169
80705
15171
146244
15172
211785
15180
24623950
47952
15185
15186

15188
15189
13941589
15192
15197
15198
47967
80736
15201
15202
33307490
15205
47975
47977
15210
13974379
32062319
15220
146295
15226

15228
15229
15230
15231
13974399
47999
15234
146306
15233
48004
15237
15239
80772
80779
48015
15252
48022
146329
80797
25377694

113570
30620579
24394661
15270
146343
146344
14367655
375721
15275
342959
15282
146354
48053
13876149
80823
48057
15290
48061
211901
15296

11221952
48072
146376
48075
15307
15309
27114447
15313
15316
211927
179159
15322
179162
15324
15328
15333
80873
146411
15342
15343

80880
15346
15348
113653
40647670
408564
113652
40647671
15352
15353
113655
48123
15355
474107
48128
375808
15366
15371
80909
15374

28195854
48544786
15379
27442198
15382
15389
48162
48163
28687396
15397
15398
80938
15402
15405
32914483
80949
48182
48184
48187
80956

15422
48192
27540547
15432
15434
15435
15436
15437
15443
15444
15445
375894
40942680
15449
15450
15452
80988
244838
15465
24460393

48235
48237
15470
15476
212085
28785783
48254
81027
15491
244871
15495
15497
15496
179339
15500
31603853
48274
15507
15508
15510

48279
15512
48280
15518
15520
48290
15525
15527
81063
15533
24427695
24427698
48308
28884149
15541
15543
15540
507063
15545
48315

81086
15551
24755390
48320
146624
48324
15557
15560
15565
15566
24427733
15576
212186
15585
14204130
24722658
15588
15587
28949741
13909232

441585
15604
48375
32259320
15617
113922
48387
15621
50478342
15623
15626
15627
15629
15631
15632
15636
15637
24591638
24591637
24460564

15643
48413
15648
15649
15652
15654
15656
507178
179500
15662
15666
15667
15668
15669
48437
15671
15672
15673
15678
48447

15688
48458
48463
212304
15697
81233
15696
15710
15712
48481
48482
15714
15713
15718
28949866
25312618
48492
81260
28949871
48497

310642
15731
24624502
15735
48504
15736
15734
48506
15740
15741
14302591
15743
15748
146821
376198
15751
15752
277904
48529
28884371

28884372
15766
245143
81305
48541
277920
48546
15779
15783
15785
29015466
15786
48556
48561
48562
48563
48564
15793
15800
81337

146874
212414
114112
15808
48578
15810
15809
26459588
15813
15815
25345482
48588
15824
15828
15829
15830
15831
28884440
409049
15841

212449
179685
15845
81383
15848
24559080
15849
15853
15856
48624
212465
24788466
15860
48627
15862
15863
24460786
15869
376320
48641

15875
48644
15877
15878
15881
33111563
52510219
15885
15886
15887
114195
13942291
15891
15897
48666
12860962
15906
114212
245286
376359

15913
48682
310829
81460
15927
15930
507453
15934
15935
48706
48708
245319
15945
48715
15949
147023
15956
25443928
81499
31342172

212579
28884583
212584
15975
24657517
25017967
15984
15985
15986
48753
15988
15987
25837175
15994
24886909
441985
212610
16004
16006
16007

179849
16011
48784
16016
81554
48786
540308
16021
81553
48792
147096
48793
13942428
16028
16034
48806
16039
16047
24395450
507580

16064
25837249
25837251
25837253
81609
26099409
13876946
16082
16087
114395
48860
16096
16097
16099
16101
16102
81640
16106
24985324
147180

16108
48879
81648
16112
147186
48883
16114
48885
16118
16119
13450998
16122
16123
16126
24461055
24461056
16127
16132
25673478
48905

16139
48910
16142
16146
33341202
48914
48918
13975321
33111834
16156
33537821
29015837
245535
16161
28852001
81705
16169
24788779
16172
16173

48942
81711
13778740
24559413
81719
40648508
48961
16193
540487
16201
25083723
16204
16205
16207
16209
278355
245587
28884821
28983134
16222

28426080
27967332
16229
81769
16234
49001
49002
24592236
540525
81785
16252
49021
49024
16257
29245312
49026
16259
81801
24854410
442250

212876
507789
16270
180111
409488
16273
409490
16277
16284
16285
24592289
49060
16298
26460080
16304
31506354
16307
114613
343990
343989

16312
25247673
16314
147396
114635
48545740
16333
16334
16335
245708
16341
16352
16355
24723427
16357
24461288
25509864
16363
16367
81909

81910
16378
81915
24625148
33865725
49149
16383
81917
49153
212996
49157
49156
49159
16389
16390
16394
16395
25018379
49164
278534

278538
49165
213009
16403
376852
16410
51462173
16415
49186
16419
49188
16424
16426
81963
16428
16429
16434
49204
114740
81974

16439
81976
81975
29081655
49211
49213
14336062
16447
16448
49219
49222
16455
16457
16458
28885067
16460
49228
16463
82000
16466

16468
49239
16474
28033123
16483
147556
475240
82025
16489
82026
16492
16493
376942
25182319
16497
147576
16509
16510
16512
16516

82052
16518
409736
16520
16522
28885130
49292
245904
475281
26034324
147609
16539
27803807
82081
49313
29081764
442533
12828840
12992681
49323

16557
16558
114863
147630
16561
180402
24494259
14172338
114869
49335
16568
33145015
16569
16572
16573
114878
16580
16581
16582
16583

16584
49353
180425
12828876
16595
147668
16597
24428759
16602
49371
25149661
82145
82147
82149
16615
49384
16617
49386
82153
82159

16623
16625
82161
49394
16628
13910263
16635
508155
49405
114942
16638
14369025
13189378
16648
49423
16657
16658
147732
16665
16666

508187
49440
16673
147749
49446
49448
49455
16691
49460
24396088
16697
24527161
16701
115006
16703
16705
16708
16709
16710
49479

16711
16712
377162
311629
16718
16719
24985935
409937
49500
82269
24494430
16741
16742
16745
16746
49514
278897
16754
180595
213363

16753
16758
16763
16765
16768
115078
16775
16776
508295
28754313
16779
49549
278928
14369168
16789
49557
344470
16794
16795
16798

49567
115104
82335
28918178
16803
28918180
37142950
49575
24822184
213415
541098
16812
24822188
16814
24854959
16816
16817
16818
41107896
16826

16830
16831
29114817
35340739
180675
213446
147911
16841
16842
24691147
16845
180690
24461779
213460
49620
49624
82393
115161
11223515
16860

180699
180701
147935
24494555
16865
16864
115172
115174
16876
25117165
27017711
16881
82418
115186
28951029
16886
16888
49656
279039
49665

49667
16900
16901
16902
16903
82440
16908
180753
541211
115230
541215
49696
16932
16933
49702
49703
180776
279081
410152
16937

148013
29016629
14008887
148025
82491
115263
49728
16964
82501
16965
24789578
16973
49743
24429139
16979
16980
24461907
49747
24592985
82521

180841
17003
17004
17006
17011
180852
49781
17012
148090
148094
82559
49794
49795
475781
246406
49798
148107
17036
82571
17038

17039
377488
13910671
82578
49815
17048
17050
17057
49825
17059
49828
28885670
49830
49831
17068
13976238
17073
12796594
17075
17074

24789685
24789686
17077
49852
17084
17086
17085
24691398
17095
32129737
17098
17099
148172
17105
49874
180948
17119
17123
24724196
17125

49893
17128
475884
17134
49903
17136
17138
17144
17149
49918
17151
17154
17156
49925
36881158
82698
13779723
148235
279315
17173

49945
24494874
28590875
17180
13091618
24625955
213796
13091621
12665638
246562
13976360
13124392
24593192
17197
17198
49965
11223856
82737
148275
37798707

17203
17204
17207
28951352
17209
82742
17205
17212
17211
17218
148292
410436
17220
17226
279373
17232
17238
17243
17244
50013

50012
17248
24724322
17255
17256
17257
17263
82799
17267
410490
17276
17280
17284
17286
115591
17287
50057
17289
115598
82833

50069
46973849
13845401
82843
17309
17310
115615
17313
17315
279459
50085
50083
82857
17323
12272557
17325
345007
24658867
115637
24495030

50103
181176
17336
50104
50111
17345
33833922
17347
50118
17352
17353
17354
17358
17362
12731348
17364
17368
29082586
17371
17374

50145
50147
24462310
213992
377832
17389
17390
13845485
17396
50164
17398
50167
82935
40551419
17411
28886021
17413
17415
50185
148493

25510925
148498
17429
17431
214043
28984348
17437
29344795
115747
17445
50214
17447
17448
50219
24757291
17457
115763
25183285
28230713
83003

312379
17470
17471
17473
50246
28918855
17480
312392
28918858
50251
25642059
181325
17489
28918872
17497
50266
50267
476251
24396891
17503

17507
17511
25609323
24396907
83053
17518
17515
17522
50295
17527
17532
17533
115840
28984448
28918915
17540
279684
25478276
476295
26756232

17544
50314
181387
24790152
24396947
50325
312471
17560
27870359
50333
83105
17570
24724643
17574
50346
246955
13780143
17588
17589
17590

50359
17593
17594
17595
115900
17598
17601
83138
17609
148685
115917
24626385
50385
50387
13878484
312533
17622
17624
17626
24593627

17628
50394
24462561
28886242
17636
17638
50406
410860
50414
17646
17648
148719
17650
50415
50422
17654
50427
17661
312573
83199
